[1] "--------------------------------"
[1] "Test for euler :"
 [1]   0.0000000  -0.5466175  -1.3555539  -1.3714253  -2.5718100  -0.9137456
 [7]  -5.4573111 -10.4428129  -6.3551674  -9.0645650
[1] ""
[1] "Test for indiv_silh :"
            [,1]        [,2]       [,3]
 [1,]  0.0000000   0.0000000  0.0000000
 [2,] -0.4222250  -0.1676036 -0.3548102
 [3,] -0.6395816  -0.4476731 -0.3116761
 [4,] -0.3293375  -2.6600699 -0.0433867
 [5,] -6.8696872  -7.6871703 -0.6042669
 [6,] -3.3023826  -8.4631646 -2.2749906
 [7,] -0.9202410 -12.4256999 -1.9137905
 [8,] -2.1996914 -14.8258329 -5.4276490
 [9,] -1.8805449 -14.8730644 -0.7321250
[10,] -0.1509814  -9.1682979 -4.4589674
[1] ""
[1] "Test for all-silh :"
 [1]   0.00000000  -0.02440095  -0.12862783  -1.30843672 -11.08292735
 [6]  -8.59062343 -19.18363087 -18.77665844 -19.15944885 -10.64899914
[1] ""
[1] "Test for distr :"
            [,1]       [,2]       [,3]
 [1,]   0.000000   0.000000   0.000000
 [2,]  -1.528446  -2.036594  -2.126744
 [3,]  -4.840456  -4.638826  -2.127751
 [4,]  -5.641082  -8.414572  -3.088532
 [5,] -15.963967 -11.230281  -5.069542
 [6,] -32.459209 -26.502993  -5.082803
 [7,] -39.444851 -20.127755  -7.222323
 [8,]       -Inf -34.772022  -8.940784
 [9,]       -Inf -38.751704 -10.451251
[10,]       -Inf       -Inf  -6.371493
[1] ""
[1] "Test for contour :"
              [,1]      [,2]       [,3]
 [1,] -0.002002003  0.000000  0.0000000
 [2,] -0.051293294 -1.443923 -0.4812668
 [3,] -1.703748592 -3.912023 -2.1202635
 [4,] -0.881889305      -Inf -5.1159958
 [5,]         -Inf      -Inf       -Inf
 [6,]         -Inf      -Inf       -Inf
 [7,]         -Inf      -Inf       -Inf
 [8,]         -Inf      -Inf       -Inf
 [9,] -4.268697949      -Inf       -Inf
[10,] -3.442019376      -Inf       -Inf
[1] ""
[1] "Test for global-kde :"
             [,1]       [,2]       [,3]
 [1,]  -0.2180235 -0.2287357 -0.2454827
 [2,]  -0.7257314 -0.8132857 -0.8141513
 [3,]  -1.0193818 -1.1041876 -0.9879713
 [4,]  -1.4723787 -1.5169072 -1.2003091
 [5,]  -2.1823505 -2.5246501 -1.4644254
 [6,]  -3.2666339 -3.7072074 -1.8827717
 [7,]  -4.2955901 -4.2512447 -2.3505930
 [8,]  -8.6903436 -6.2474017 -4.1234707
 [9,] -10.3929108 -6.7589738 -4.7007892
[10,] -11.7595271 -7.4384479 -3.6312038
[1] ""
[1] "--------------------------------"
