[1] "--------------------------------"
[1] "Test for euler :"
 [1]   0.000000  -3.857989  -4.686918  -6.609683  -7.871666 -12.149152
 [7] -18.472249 -14.487870 -20.126316 -20.045836
[1] ""
[1] "Test for indiv_silh :"
            [,1]       [,2]        [,3]
 [1,]  0.0000000   0.000000  0.00000000
 [2,] -0.8810465  -2.750030 -0.06673726
 [3,] -2.9620708  -3.658284 -0.16570630
 [4,] -3.5703458  -6.213531 -2.21665101
 [5,] -1.7902305  -9.472432 -0.99655952
 [6,] -5.1107256 -11.172995 -0.92142573
 [7,] -4.9034669 -13.747809 -0.67464812
 [8,] -1.0234086 -13.454300 -0.84441938
 [9,] -0.1581235 -21.137279 -1.95929449
[10,] -2.5279333 -16.878450 -1.51293929
[1] ""
[1] "Test for all-silh :"
 [1]   0.000000  -1.411422  -2.919552  -5.565765  -7.756669 -11.170905
 [7] -17.532731 -13.709894 -25.407678 -18.370776
[1] ""
[1] "Test for distr :"
            [,1]       [,2]       [,3]
 [1,]   0.000000   0.000000   0.000000
 [2,]  -1.976295  -1.911368  -1.705639
 [3,]  -3.339981  -3.277853  -1.921919
 [4,]  -8.176177  -8.111671  -3.260242
 [5,] -12.995699 -13.445792  -5.270521
 [6,] -23.551759 -22.147931  -5.642335
 [7,]       -Inf -32.842263  -9.505576
 [8,]       -Inf -39.444851 -11.409041
 [9,]       -Inf       -Inf -17.361852
[10,]       -Inf       -Inf -12.932235
[1] ""
[1] "Test for contour :"
           [,1]         [,2]       [,3]
 [1,]  0.000000 -0.002002003  0.0000000
 [2,] -1.251763 -0.309246250 -0.6198967
 [3,] -4.268698 -1.231001477 -4.6051702
 [4,] -6.214608 -5.115995810       -Inf
 [5,]      -Inf         -Inf       -Inf
 [6,]      -Inf         -Inf       -Inf
 [7,]      -Inf         -Inf       -Inf
 [8,]      -Inf         -Inf       -Inf
 [9,] -2.780621         -Inf       -Inf
[10,]      -Inf         -Inf       -Inf
[1] ""
[1] "Test for global-kde :"
             [,1]        [,2]       [,3]
 [1,]  -0.2359773  -0.2071853 -0.2433073
 [2,]  -0.7871318  -0.7792848 -0.9252521
 [3,]  -1.0907730  -0.9378998 -1.0227387
 [4,]  -1.4624945  -1.4288387 -1.2085854
 [5,]  -2.3967259  -2.0452240 -1.6571320
 [6,]  -3.0535579  -3.1876916 -2.0767164
 [7,]  -4.5905468  -4.9588859 -2.6282043
 [8,]  -7.5601766  -6.9775878 -4.3378783
 [9,] -11.7316531 -10.1305819 -4.5201115
[10,] -10.1909411  -8.1428278 -4.6083025
[1] ""
[1] "--------------------------------"
