[1] "--------------------------------"
[1] "Test for euler :"
 [1]   0.0000000  -0.7378885  -1.7054715  -2.7958856  -7.2225159  -3.2301756
 [7]  -6.9476391 -12.2147067 -15.0556185  -1.3122435
[1] ""
[1] "Test for indiv_silh :"
            [,1]        [,2]       [,3]
 [1,]  0.0000000   0.0000000  0.0000000
 [2,] -0.1440324  -0.3030824 -0.9501659
 [3,] -1.8133928  -1.7934420 -2.5825799
 [4,] -1.8954318  -4.5031969 -3.0434793
 [5,] -0.2799528  -9.4472216 -2.6358609
 [6,] -1.1767611  -7.6462644 -3.3760343
 [7,] -0.5935119 -20.3524972 -2.1307290
 [8,] -0.4795007 -13.4318890 -1.6396234
 [9,] -0.3929334 -22.1803628 -2.6797546
[10,] -1.6873308  -0.8862014 -0.6081022
[1] ""
[1] "Test for all-silh :"
 [1]   0.0000000  -0.4417136  -2.2206800  -4.5401937  -7.3731316  -5.7322314
 [7] -18.9654065 -13.9249317 -25.1242017  -1.0359040
[1] ""
[1] "Test for distr :"
            [,1]       [,2]       [,3]
 [1,]   0.000000   0.000000   0.000000
 [2,]  -1.823522  -1.959375  -1.458837
 [3,]  -4.166003  -3.723876  -2.178810
 [4,] -12.169661  -4.583718  -3.298461
 [5,] -18.900861  -7.814322  -4.522269
 [6,] -28.649611 -21.418121  -8.818629
 [7,]       -Inf -30.648663  -8.450776
 [8,]       -Inf       -Inf  -9.632596
 [9,]       -Inf       -Inf -10.290144
[10,]  -1.231735  -1.755810  -1.086405
[1] ""
[1] "Test for contour :"
            [,1]       [,2]         [,3]
 [1,]  0.0000000  0.0000000 -0.002002003
 [2,] -4.6051702 -0.2770719 -1.410587054
 [3,] -3.2188758 -4.6051702 -2.748872196
 [4,] -6.2146081 -2.1715568 -5.115995810
 [5,]       -Inf       -Inf         -Inf
 [6,]       -Inf       -Inf         -Inf
 [7,]       -Inf       -Inf         -Inf
 [8,]       -Inf       -Inf         -Inf
 [9,] -3.5065579       -Inf         -Inf
[10,] -0.9942523 -1.5511690 -0.755022584
[1] ""
[1] "Test for global-kde :"
             [,1]       [,2]       [,3]
 [1,]  -0.2119398 -0.2195207 -0.2431308
 [2,]  -0.8212120 -0.8756991 -0.7395040
 [3,]  -1.0358509 -1.0704162 -0.9559519
 [4,]  -1.7413791 -1.4768783 -1.2010565
 [5,]  -2.3622024 -1.8145511 -1.4935159
 [6,]  -3.4416735 -3.5063146 -2.1960396
 [7,]  -5.2274802 -5.1290212 -2.5927735
 [8,]  -7.3288509 -5.9950004 -3.6768059
 [9,] -11.1046193 -8.3246463 -3.9663713
[10,]  -0.7102204 -0.7284005 -0.7168537
[1] ""
[1] "--------------------------------"
