[1] "--------------------------------"
[1] "Test for euler :"
 [1]   0.000000  -1.047838  -3.973610  -5.330168  -9.182014 -13.505616
 [7] -18.712376 -18.006926 -15.123749  -2.736969
[1] ""
[1] "Test for indiv_silh :"
            [,1]        [,2]      [,3]
 [1,]  0.0000000   0.0000000  0.000000
 [2,] -0.3194325  -1.9173295 -1.168353
 [3,] -1.1680377  -3.0081553 -1.872118
 [4,] -5.0514654  -5.3818334 -5.366409
 [5,] -1.4107880 -13.0359004 -2.553594
 [6,] -1.2169185 -13.5891879 -1.410564
 [7,] -0.7349540 -16.1852670 -3.485325
 [8,] -3.9813387 -14.3228761 -2.225553
 [9,] -1.1049795 -11.3966935 -6.496211
[10,] -0.5982415  -0.5649657 -2.038223
[1] ""
[1] "Test for all-silh :"
 [1]   0.0000000  -0.7245606  -2.1276336  -6.4949508 -11.6868578 -15.2409409
 [7] -17.3334249 -15.4165811 -14.8405950  -0.8101424
[1] ""
[1] "Test for distr :"
            [,1]       [,2]       [,3]
 [1,]   0.000000   0.000000   0.000000
 [2,]  -2.488062  -2.629088  -2.244681
 [3,]  -3.475924  -4.984608  -2.503938
 [4,]  -7.545557  -7.444982  -3.780889
 [5,] -17.802294 -14.403050  -5.758214
 [6,] -30.988045 -15.809795  -7.103656
 [7,]       -Inf -32.217915 -10.248613
 [8,]       -Inf       -Inf -17.768521
 [9,]       -Inf       -Inf -14.839820
[10,]  -1.356773  -1.468678  -1.245434
[1] ""
[1] "Test for contour :"
            [,1]       [,2]       [,3]
 [1,]  0.0000000  0.0000000  0.0000000
 [2,] -3.3813948 -1.8578993 -0.6124893
 [3,] -2.8134107 -1.9105430 -1.5896353
 [4,] -6.2146081       -Inf -4.4228486
 [5,]       -Inf       -Inf       -Inf
 [6,]       -Inf       -Inf       -Inf
 [7,]       -Inf       -Inf       -Inf
 [8,]       -Inf       -Inf       -Inf
 [9,]       -Inf       -Inf       -Inf
[10,] -0.4557063 -0.1009259 -0.2876821
[1] ""
[1] "Test for global-kde :"
             [,1]       [,2]       [,3]
 [1,]  -0.2172108 -0.2251180 -0.2432962
 [2,]  -0.9731239 -0.8891506 -0.9863639
 [3,]  -1.1129165 -1.1867739 -1.0782237
 [4,]  -1.5265233 -1.5548211 -1.3398483
 [5,]  -2.1220550 -2.3766093 -1.5685510
 [6,]  -3.3297549 -3.6858503 -2.4581855
 [7,]  -4.8065123 -4.2335116 -2.7316918
 [8,]  -7.4889082 -8.7887348 -4.5953635
 [9,] -12.3004882 -8.3800279 -4.7746917
[10,]  -0.8010364 -0.7977321 -0.7204205
[1] ""
[1] "--------------------------------"
