[1] "--------------------------------"
[1] "Test for euler :"
 [1]   0.000000  -1.473750  -4.633978  -4.540250  -7.806432 -11.969021
 [7] -11.674052 -18.060920 -14.811032  -2.805450
[1] ""
[1] "Test for indiv_silh :"
            [,1]       [,2]        [,3]
 [1,]  0.0000000   0.000000  0.00000000
 [2,] -1.1787582  -3.599341 -0.39132642
 [3,] -1.3268088  -9.834182 -0.51453304
 [4,] -0.6492682  -6.520854 -1.94961522
 [5,] -4.9089041 -10.659090 -0.59601741
 [6,] -0.8351608 -17.242367 -0.05428854
 [7,] -4.5079099 -15.746158 -2.07123251
 [8,] -3.9114717 -17.059302 -1.61207639
 [9,] -1.1104414 -13.450587 -1.19574016
[10,] -0.7827923  -1.349815 -0.30858523
[1] ""
[1] "Test for all-silh :"
 [1]   0.000000  -1.961644  -7.246553  -5.091955 -12.112121 -15.764315
 [7] -16.710950 -20.123350 -15.278578  -0.881304
[1] ""
[1] "Test for distr :"
             [,1]       [,2]       [,3]
 [1,]   0.0000000   0.000000   0.000000
 [2,]  -1.7180146  -1.668696  -1.494152
 [3,]  -3.0272737  -3.623318  -1.899209
 [4,]  -7.8809235  -6.170064  -4.221119
 [5,] -18.6937544 -14.639973  -6.461729
 [6,] -33.8996733 -21.043947  -6.700063
 [7,]        -Inf -32.728256  -7.947591
 [8,]        -Inf       -Inf -12.535953
 [9,]        -Inf       -Inf -16.401537
[10,]  -0.8858181  -1.940784  -1.206591
[1] ""
[1] "Test for contour :"
           [,1]       [,2]         [,3]
 [1,]  0.000000  0.0000000 -0.002002003
 [2,] -3.123566 -0.4004776 -0.562118918
 [3,] -2.813411 -4.4228486 -2.385966702
 [4,] -2.040221 -4.8283137         -Inf
 [5,]      -Inf       -Inf         -Inf
 [6,] -4.828314       -Inf         -Inf
 [7,] -5.521461       -Inf         -Inf
 [8,] -3.729701       -Inf         -Inf
 [9,] -1.487220       -Inf         -Inf
[10,] -1.418818 -0.1461825 -0.103140759
[1] ""
[1] "Test for global-kde :"
            [,1]       [,2]       [,3]
 [1,] -0.2205815 -0.2270178 -0.2447170
 [2,] -0.9117373 -0.7574106 -0.7475534
 [3,] -0.9770921 -1.1075883 -0.8966308
 [4,] -1.3339947 -1.5925980 -1.2301809
 [5,] -2.3565395 -1.9015886 -1.6835887
 [6,] -3.6120403 -2.8770284 -1.7339307
 [7,] -5.3114101 -4.0367648 -2.3855315
 [8,] -7.5487968 -7.6408820 -3.7577190
 [9,] -7.9320303 -8.1786046 -5.1453970
[10,] -0.6653624 -0.7707524 -0.7537563
[1] ""
[1] "--------------------------------"
