[1] "--------------------------------"
[1] "Test for euler :"
 [1]   0.0000000  -0.3141185  -0.1711487  -0.9783155  -6.0773519  -8.9307848
 [7] -10.2635963 -16.8858294 -14.5037264 -17.3569894
[1] ""
[1] "Test for indiv_silh :"
            [,1]       [,2]       [,3]
 [1,]  0.0000000   0.000000  0.0000000
 [2,] -0.4045829  -4.046501 -0.3158247
 [3,] -1.1301755  -4.148356 -2.7015366
 [4,] -2.6701849  -6.479178 -0.2326703
 [5,] -2.4104964 -10.948842 -2.3141268
 [6,] -2.1213252 -10.857225 -1.5239408
 [7,] -2.3756361 -11.082465 -2.5292761
 [8,] -2.6464943 -14.624693 -1.5772093
 [9,] -2.3051562 -11.750536 -1.7710024
[10,] -1.6151900 -16.016481 -2.6426113
[1] ""
[1] "Test for all-silh :"
 [1]   0.000000  -2.328057  -4.423966  -6.535737 -12.528851  -9.008131
 [7] -11.683691 -17.608231 -14.946959 -19.133628
[1] ""
[1] "Test for distr :"
            [,1]       [,2]       [,3]
 [1,]   0.000000   0.000000   0.000000
 [2,]  -2.324862  -1.633989  -1.114658
 [3,]  -4.532676  -3.400773  -2.145377
 [4,]  -8.254863  -7.082859  -3.598740
 [5,] -25.967869 -13.439477  -5.226839
 [6,] -38.751704 -21.406483  -5.693350
 [7,]       -Inf -38.058556 -10.749341
 [8,]       -Inf       -Inf -11.365648
 [9,]       -Inf       -Inf -16.332830
[10,]       -Inf       -Inf -14.786555
[1] ""
[1] "Test for contour :"
            [,1]       [,2]         [,3]
 [1,]  0.0000000  0.0000000 -0.002002003
 [2,] -0.9014021 -0.7052198 -0.105360516
 [3,] -3.7297014 -3.3242363 -3.442019376
 [4,] -2.6882476       -Inf -6.214608098
 [5,]       -Inf -6.2146081         -Inf
 [6,]       -Inf       -Inf         -Inf
 [7,]       -Inf       -Inf         -Inf
 [8,]       -Inf       -Inf         -Inf
 [9,] -2.6310892       -Inf         -Inf
[10,] -3.1700857       -Inf         -Inf
[1] ""
[1] "Test for global-kde :"
             [,1]        [,2]       [,3]
 [1,]  -0.2332044  -0.2083765 -0.2425781
 [2,]  -0.8124268  -0.8008756 -0.7110221
 [3,]  -1.1252620  -0.9977397 -0.9863195
 [4,]  -1.6623046  -1.5700236 -1.2151591
 [5,]  -2.8026579  -2.4022546 -1.6458550
 [6,]  -4.3567320  -4.0260935 -2.1293367
 [7,]  -6.2876717  -5.2058255 -2.9282927
 [8,]  -6.7992205  -6.7347984 -4.1375878
 [9,] -11.9044315 -10.6747957 -4.3130877
[10,] -12.1436182  -8.8860139 -4.7485299
[1] ""
[1] "--------------------------------"
