[1] "--------------------------------"
[1] "Test for euler :"
 [1]   0.00000000  -0.12243587  -0.02674265  -0.32430814  -2.14481002
 [6]  -3.80939552  -6.70425914  -8.58936784 -12.57039147  -0.85911352
[1] ""
[1] "Test for indiv_silh :"
           [,1]        [,2]       [,3]
 [1,]  0.000000   0.0000000  0.0000000
 [2,] -1.848797  -0.6782715 -0.5098143
 [3,] -1.866586  -1.1083447 -1.0470619
 [4,] -1.732563  -4.3831721 -0.1690503
 [5,] -4.953541  -8.7285265 -0.4405565
 [6,] -4.979136  -7.6640612 -0.6650563
 [7,] -3.161016 -13.8542130 -0.5711119
 [8,] -2.422993 -13.2591016 -0.4625501
 [9,] -1.889811 -14.0213894 -1.0772880
[10,] -1.021598  -1.8519294 -2.4173206
[1] ""
[1] "Test for all-silh :"
 [1]   0.000000  -1.089798  -1.762826  -4.017840  -7.704417  -8.673158
 [7] -14.144233 -15.675640 -15.607788  -1.357090
[1] ""
[1] "Test for distr :"
            [,1]       [,2]       [,3]
 [1,]   0.000000   0.000000   0.000000
 [2,]  -1.453436  -1.950297  -1.122503
 [3,]  -3.648610  -3.356718  -2.646514
 [4,]  -6.545593  -3.943288  -3.890372
 [5,] -18.522777 -10.376830  -4.728816
 [6,] -30.819700 -17.301472  -6.908934
 [7,] -38.751704 -27.161234  -9.174589
 [8,]       -Inf -36.225975 -12.763072
 [9,]       -Inf       -Inf -13.280223
[10,]  -1.083273  -1.543353  -1.898631
[1] ""
[1] "Test for contour :"
           [,1]      [,2]       [,3]
 [1,]  0.000000  0.000000  0.0000000
 [2,] -1.258781 -2.631089 -2.6310892
 [3,] -4.135167 -1.995100 -4.8283137
 [4,] -5.521461 -4.828314       -Inf
 [5,] -4.828314      -Inf       -Inf
 [6,]      -Inf      -Inf       -Inf
 [7,]      -Inf      -Inf       -Inf
 [8,]      -Inf      -Inf       -Inf
 [9,] -2.748872      -Inf       -Inf
[10,] -3.506558 -3.816713 -0.5586163
[1] ""
[1] "Test for global-kde :"
             [,1]        [,2]       [,3]
 [1,]  -0.2225400  -0.2193575 -0.2462026
 [2,]  -0.7950570  -0.9046699 -0.7507541
 [3,]  -0.9464853  -1.0534164 -1.0450048
 [4,]  -1.5470781  -1.4258859 -1.1387017
 [5,]  -2.4619834  -2.4047160 -1.6368349
 [6,]  -3.5700492  -2.9953923 -2.4440831
 [7,]  -4.5837850  -4.4397513 -2.5384186
 [8,]  -9.2147044  -6.9743784 -3.6696936
 [9,] -12.0433744 -10.2089405 -5.1080503
[10,]  -0.7750051  -0.7860975 -0.8466906
[1] ""
[1] "--------------------------------"
