[1] "--------------------------------"
[1] "Test for euler :"
 [1]   0.000000  -6.506433  -5.921318  -5.807660 -10.385662 -13.017889
 [7] -14.701935 -19.809830 -20.118017 -19.690886
[1] ""
[1] "Test for indiv_silh :"
            [,1]       [,2]       [,3]
 [1,]  0.0000000   0.000000  0.0000000
 [2,] -2.6632165  -4.863569 -2.6385599
 [3,] -0.3216595  -3.688383 -0.8457553
 [4,] -4.6148691  -6.284435 -2.3432960
 [5,] -2.3016320 -10.673484 -1.0578770
 [6,] -4.0393372 -10.997561 -0.7318391
 [7,] -4.4832203 -22.992246 -1.0938881
 [8,] -6.5843357 -18.637671 -2.2759882
 [9,] -0.2870912 -13.789142 -3.0299230
[10,] -3.1104829 -20.337494 -3.0357381
[1] ""
[1] "Test for all-silh :"
 [1]   0.000000  -4.872926  -2.472662  -6.408801 -12.096212 -13.368416
 [7] -22.771717 -24.206668 -14.262973 -23.723253
[1] ""
[1] "Test for distr :"
            [,1]       [,2]       [,3]
 [1,]   0.000000   0.000000   0.000000
 [2,]  -1.481108  -1.855008  -1.379209
 [3,]  -5.003038  -4.062797  -1.520500
 [4,]  -7.829491  -5.718044  -3.098138
 [5,] -18.456189 -13.074855  -3.426395
 [6,] -32.815488 -18.959296  -4.038877
 [7,]       -Inf       -Inf  -7.902794
 [8,]       -Inf       -Inf  -8.450262
 [9,]       -Inf       -Inf -19.341616
[10,]       -Inf       -Inf -14.551489
[1] ""
[1] "Test for contour :"
           [,1]       [,2]       [,3]
 [1,]  0.000000  0.0000000  0.0000000
 [2,] -1.703749 -0.5276327 -0.2639655
 [3,] -4.828314 -1.3242590 -1.7147984
 [4,] -6.214608 -2.7181005 -6.2146081
 [5,]      -Inf -6.2146081       -Inf
 [6,]      -Inf       -Inf       -Inf
 [7,]      -Inf       -Inf       -Inf
 [8,]      -Inf       -Inf       -Inf
 [9,] -4.422849       -Inf       -Inf
[10,]      -Inf       -Inf       -Inf
[1] ""
[1] "Test for global-kde :"
             [,1]       [,2]       [,3]
 [1,]  -0.2288606 -0.2317790 -0.2331970
 [2,]  -0.7418798 -0.7665019 -0.7890878
 [3,]  -0.9635135 -0.9458764 -0.8038611
 [4,]  -1.2685650 -1.4074901 -1.0108303
 [5,]  -2.1924448 -2.0586380 -1.1639817
 [6,]  -3.6158683 -2.9934396 -1.6271587
 [7,]  -5.4677655 -5.0262085 -2.4080462
 [8,]  -7.4033870 -5.6100367 -3.2100767
 [9,] -11.0562778 -9.5558130 -5.2329594
[10,]  -9.7669267 -7.2562000 -3.8728678
[1] ""
[1] "--------------------------------"
