[1] "--------------------------------"
[1] "Test for euler :"
 [1]   0.000000  -1.379532  -1.203118  -2.776101  -5.611552  -3.266990
 [7]  -7.866365 -13.707194 -12.277713  -2.479579
[1] ""
[1] "Test for indiv_silh :"
            [,1]       [,2]        [,3]
 [1,]  0.0000000   0.000000  0.00000000
 [2,] -0.3122957  -2.066898 -0.07088279
 [3,] -1.4893756  -1.388023 -1.48606845
 [4,] -0.7869530  -2.248681 -0.58651299
 [5,] -2.8499894  -7.706903 -1.36352973
 [6,] -3.0625245  -9.607420 -0.34163174
 [7,] -5.7100397 -10.988266 -1.87792367
 [8,] -1.6227175 -13.331651 -0.96141605
 [9,] -0.5036684 -14.113980 -4.36915800
[10,] -0.7710441  -1.382606 -0.09754353
[1] ""
[1] "Test for all-silh :"
 [1]   0.0000000  -0.8920567  -0.7501523  -0.8126000  -5.8576483  -7.1462840
 [7] -11.0903198 -13.3609618 -15.7282669  -0.6376827
[1] ""
[1] "Test for distr :"
            [,1]       [,2]       [,3]
 [1,]   0.000000   0.000000   0.000000
 [2,]  -1.169031  -1.748453  -1.589580
 [3,]  -3.119676  -3.446357  -1.910038
 [4,]  -6.647029  -6.507358  -4.010485
 [5,] -14.635215  -9.933788  -6.037593
 [6,] -31.390011 -19.347925  -8.652563
 [7,]       -Inf       -Inf -12.190489
 [8,]       -Inf -22.325836 -10.611594
 [9,]       -Inf       -Inf -13.961787
[10,]  -1.370857  -1.546715  -1.794924
[1] ""
[1] "Test for contour :"
            [,1]        [,2]       [,3]
 [1,]  0.0000000  0.00000000  0.0000000
 [2,] -1.1147417 -1.41058705 -0.9263411
 [3,] -4.1351666 -1.05555280 -2.1037342
 [4,] -3.8167128 -6.21460810       -Inf
 [5,]       -Inf        -Inf       -Inf
 [6,] -5.1159958        -Inf       -Inf
 [7,]       -Inf        -Inf       -Inf
 [8,] -5.1159958        -Inf       -Inf
 [9,] -4.8283137        -Inf       -Inf
[10,] -0.1911605 -0.08121006 -0.2331939
[1] ""
[1] "Test for global-kde :"
            [,1]       [,2]       [,3]
 [1,] -0.2247953 -0.2217831 -0.2428441
 [2,] -0.8191619 -0.8180046 -0.8459086
 [3,] -0.9775002 -1.0190659 -0.9139684
 [4,] -1.5023943 -1.4415986 -1.2596181
 [5,] -1.9501934 -1.8924042 -1.5817501
 [6,] -3.6483162 -3.2403343 -2.3025711
 [7,] -5.1455025 -5.4920354 -3.5169534
 [8,] -6.7446821 -4.8159109 -3.1510493
 [9,] -8.5789451 -6.8792687 -5.1487621
[10,] -0.7864744 -0.7673142 -0.7465995
[1] ""
[1] "--------------------------------"
