[1] "--------------------------------"
[1] "Test for euler :"
 [1]   0.0000000  -0.3141185  -0.1711487  -0.9783155  -6.0773519  -8.9307848
 [7] -10.2635963 -16.8858294 -14.5037264  -0.2187332
[1] ""
[1] "Test for indiv_silh :"
            [,1]       [,2]       [,3]
 [1,]  0.0000000   0.000000  0.0000000
 [2,] -0.4045829  -4.046501 -0.3158247
 [3,] -1.1301755  -4.148356 -2.7015366
 [4,] -2.6701849  -6.479178 -0.2326703
 [5,] -2.4104964 -10.948842 -2.3141268
 [6,] -2.1213252 -10.857225 -1.5239408
 [7,] -2.3756361 -11.082465 -2.5292761
 [8,] -2.6464943 -14.624693 -1.5772093
 [9,] -2.3051562 -11.750536 -1.7710024
[10,] -0.6753394  -1.548339 -2.1804366
[1] ""
[1] "Test for all-silh :"
 [1]   0.000000  -2.328057  -4.423966  -6.535737 -12.528851  -9.008131
 [7] -11.683691 -17.608231 -14.946959  -1.130317
[1] ""
[1] "Test for distr :"
             [,1]       [,2]       [,3]
 [1,]   0.0000000   0.000000   0.000000
 [2,]  -2.3248618  -1.633989  -1.114658
 [3,]  -4.5326756  -3.400773  -2.145377
 [4,]  -8.2548629  -7.082859  -3.598740
 [5,] -25.9678694 -13.439477  -5.226839
 [6,] -38.7517036 -21.406483  -5.693350
 [7,]        -Inf -38.058556 -10.749341
 [8,]        -Inf       -Inf -11.365648
 [9,]        -Inf       -Inf -16.332830
[10,]  -0.9386318  -2.446385  -1.467994
[1] ""
[1] "Test for contour :"
            [,1]       [,2]       [,3]
 [1,]  0.0000000  0.0000000  0.0000000
 [2,] -0.9213033 -0.8164454 -0.1053605
 [3,] -4.8283137 -3.2701691 -3.3242363
 [4,] -2.7806209       -Inf -6.2146081
 [5,]       -Inf       -Inf       -Inf
 [6,]       -Inf       -Inf       -Inf
 [7,]       -Inf       -Inf       -Inf
 [8,]       -Inf       -Inf       -Inf
 [9,] -2.6310892       -Inf       -Inf
[10,] -0.6161861 -1.4354846 -1.6296406
[1] ""
[1] "Test for global-kde :"
             [,1]        [,2]       [,3]
 [1,]  -0.2332044  -0.2083765 -0.2425781
 [2,]  -0.8124268  -0.8008756 -0.7110221
 [3,]  -1.1252620  -0.9977397 -0.9863195
 [4,]  -1.6623046  -1.5700236 -1.2151591
 [5,]  -2.8026579  -2.4022546 -1.6458550
 [6,]  -4.3567320  -4.0260935 -2.1293367
 [7,]  -6.2876717  -5.2058255 -2.9282927
 [8,]  -6.7992205  -6.7347984 -4.1375878
 [9,] -11.9044315 -10.6747957 -4.3130877
[10,]  -0.7331114  -0.8141800 -0.8611436
[1] ""
[1] "--------------------------------"
