[1] "--------------------------------"
[1] "Test for euler :"
 [1]   0.0000000  -0.9377126  -2.4892433  -4.4745546 -10.5739120  -5.3193311
 [7] -12.7786312 -13.5724217 -14.5154805 -14.4324099
[1] ""
[1] "Test for indiv_silh :"
            [,1]         [,2]      [,3]
 [1,]  0.0000000   0.00000000  0.000000
 [2,] -1.4846814  -0.02573699 -2.129794
 [3,] -2.9787431  -2.76601344 -1.168759
 [4,] -1.1788054  -7.41527650 -1.255372
 [5,] -2.4973837  -6.05106583 -2.084303
 [6,] -2.8982885 -21.00019986 -2.577585
 [7,] -1.3624926 -11.60496051 -1.935422
 [8,] -1.3217794 -13.30039192 -1.294186
 [9,] -3.2177541 -15.71361095 -3.800716
[10,] -0.7787505 -19.77107829 -4.941227
[1] ""
[1] "Test for all-silh :"
 [1]   0.000000  -1.250533  -3.748567  -5.280240  -6.102353 -19.601193
 [7] -16.763610 -16.529228 -19.171609 -26.030527
[1] ""
[1] "Test for distr :"
            [,1]       [,2]       [,3]
 [1,]   0.000000   0.000000   0.000000
 [2,]  -1.273766  -1.916410  -1.701959
 [3,]  -3.772526  -2.675012  -1.983611
 [4,] -10.868823  -8.186446  -3.801893
 [5,] -18.470912 -14.229363  -3.623593
 [6,] -25.185239 -17.239606  -6.951025
 [7,]       -Inf -36.736801  -9.470414
 [8,]       -Inf       -Inf -11.013043
 [9,]       -Inf       -Inf -11.446423
[10,]       -Inf       -Inf -10.711497
[1] ""
[1] "Test for contour :"
             [,1]        [,2]       [,3]
 [1,]  0.00000000  0.00000000  0.0000000
 [2,] -0.02634398 -0.08121006 -0.5276327
 [3,] -2.55104645 -2.07147337 -2.3227878
 [4,] -2.91877123 -6.21460810 -6.2146081
 [5,] -4.26869795        -Inf       -Inf
 [6,] -3.81671283        -Inf       -Inf
 [7,]        -Inf        -Inf       -Inf
 [8,]        -Inf        -Inf       -Inf
 [9,] -4.42284863        -Inf       -Inf
[10,] -4.26869795        -Inf       -Inf
[1] ""
[1] "Test for global-kde :"
             [,1]       [,2]       [,3]
 [1,]  -0.2251381 -0.2194800 -0.2435642
 [2,]  -0.7692479 -0.8329690 -0.8112637
 [3,]  -1.0114015 -0.9789518 -0.8612232
 [4,]  -1.6492185 -1.4523511 -1.1420275
 [5,]  -2.5729892 -2.3209705 -1.6684250
 [6,]  -3.3464079 -3.0107576 -2.0539483
 [7,]  -5.6194806 -5.3927527 -2.9853347
 [8,]  -8.5520633 -7.5603919 -3.3397015
 [9,] -10.7229958 -8.2140678 -4.2598856
[10,] -11.4300008 -9.4700654 -4.0324025
[1] ""
[1] "--------------------------------"
