[1] "--------------------------------"
[1] "Test for euler :"
 [1]   0.0000000  -1.7202964  -4.0962035  -3.3638226  -6.7809416  -8.2420668
 [7]  -9.0426364 -14.9837546 -20.7287381  -0.7367711
[1] ""
[1] "Test for indiv_silh :"
           [,1]        [,2]      [,3]
 [1,]  0.000000   0.0000000  0.000000
 [2,] -5.913916  -0.9505545 -1.082705
 [3,] -3.365628  -3.4491300 -1.510275
 [4,] -4.666598  -7.0139667 -1.785848
 [5,] -5.394838  -9.5346430 -1.791199
 [6,] -3.339908 -12.1538510 -3.027148
 [7,] -3.641093 -20.9159235 -2.964305
 [8,] -3.921948 -14.1677856 -2.272823
 [9,] -5.859619 -21.7674415 -5.367784
[10,] -1.453916  -1.4874130 -1.509871
[1] ""
[1] "Test for all-silh :"
 [1]   0.000000  -3.772590  -4.236227  -6.036447 -12.770277 -10.627608
 [7] -20.101107 -15.462946 -26.486113  -1.275515
[1] ""
[1] "Test for distr :"
            [,1]       [,2]       [,3]
 [1,]   0.000000   0.000000   0.000000
 [2,]  -1.560006  -1.989596  -1.085924
 [3,]  -2.301198  -3.817850  -2.263654
 [4,] -10.302959  -7.262439  -2.673855
 [5,] -14.908337 -18.353085  -5.856363
 [6,] -29.483189 -26.770113  -6.210986
 [7,]       -Inf -33.698648  -6.704659
 [8,]       -Inf       -Inf -11.657544
 [9,]       -Inf       -Inf -12.379317
[10,]  -1.304887  -1.878629  -1.272046
[1] ""
[1] "Test for contour :"
            [,1]       [,2]      [,3]
 [1,]  0.0000000  0.0000000  0.000000
 [2,] -2.1892564 -0.1187835 -2.154165
 [3,] -4.2686979 -4.8283137 -3.649659
 [4,]       -Inf -4.6051702      -Inf
 [5,]       -Inf -3.8167128      -Inf
 [6,] -6.2146081       -Inf      -Inf
 [7,]       -Inf       -Inf      -Inf
 [8,]       -Inf       -Inf      -Inf
 [9,]       -Inf       -Inf      -Inf
[10,] -0.5551259 -1.8708027 -1.410587
[1] ""
[1] "Test for global-kde :"
            [,1]       [,2]       [,3]
 [1,] -0.2217631 -0.2205396 -0.2501045
 [2,] -0.8246924 -0.8928750 -0.8286958
 [3,] -1.1677102 -1.1905282 -0.9573836
 [4,] -1.4444224 -1.3641821 -1.0011827
 [5,] -2.3742208 -2.8069489 -1.7693398
 [6,] -3.5489286 -3.6620351 -2.2163321
 [7,] -5.4222418 -4.3711428 -2.8488843
 [8,] -5.3219668 -6.7768104 -3.9187837
 [9,] -6.2029289 -9.6249132 -4.5779752
[10,] -0.7698356 -0.7635501 -0.7460907
[1] ""
[1] "--------------------------------"
