[1] "--------------------------------"
[1] "Test for euler :"
 [1]   0.0000000  -0.7069059  -0.3154723  -3.0543515  -3.4002506  -7.8877951
 [7]  -9.3049778  -7.6577189 -15.1946177 -17.0272155
[1] ""
[1] "Test for indiv_silh :"
            [,1]        [,2]      [,3]
 [1,]  0.0000000   0.0000000  0.000000
 [2,] -0.9102812  -0.4106417 -2.907275
 [3,] -1.1820294  -4.0420648 -2.874145
 [4,] -3.1140143  -7.5517726 -3.709719
 [5,] -2.0518952  -5.3694848 -2.070452
 [6,] -3.6140808 -14.0836151 -5.618171
 [7,] -6.1097530 -12.9147373 -5.369222
 [8,] -0.4327579 -16.1322278 -5.761929
 [9,] -0.2733395 -15.3380482 -4.451839
[10,] -2.1910584 -13.7446241 -4.178906
[1] ""
[1] "Test for all-silh :"
 [1]   0.000000  -1.561491  -2.751599  -6.448180  -3.527838 -13.788997
 [7] -13.723361 -17.112888 -24.497535 -18.103938
[1] ""
[1] "Test for distr :"
            [,1]       [,2]       [,3]
 [1,]   0.000000   0.000000   0.000000
 [2,]  -1.459343  -1.809463  -1.479676
 [3,]  -3.264723  -2.399748  -1.604091
 [4,]  -8.039713  -5.257525  -3.341101
 [5,] -14.998197 -13.236774  -3.385589
 [6,] -35.002200 -21.383232  -5.283714
 [7,]       -Inf       -Inf -10.462642
 [8,]       -Inf       -Inf -12.772236
 [9,]       -Inf       -Inf -19.747933
[10,]       -Inf       -Inf -15.422355
[1] ""
[1] "Test for contour :"
             [,1]       [,2]      [,3]
 [1,]  0.00000000  0.0000000  0.000000
 [2,] -0.09431068 -0.6311118 -2.430418
 [3,] -3.44201938 -1.4610179 -4.017384
 [4,] -3.03655427 -2.3644605      -Inf
 [5,]        -Inf       -Inf      -Inf
 [6,]        -Inf       -Inf      -Inf
 [7,]        -Inf       -Inf      -Inf
 [8,]        -Inf       -Inf      -Inf
 [9,] -4.01738352       -Inf      -Inf
[10,] -2.20727491       -Inf      -Inf
[1] ""
[1] "Test for global-kde :"
             [,1]        [,2]       [,3]
 [1,]  -0.2229753  -0.1983100 -0.2457678
 [2,]  -0.7815646  -0.8726715 -0.8235258
 [3,]  -0.9494474  -0.9928350 -0.8393244
 [4,]  -1.2918577  -1.4781501 -1.2202055
 [5,]  -1.8194269  -2.0729130 -1.4971672
 [6,]  -3.3957645  -3.7481728 -1.9928534
 [7,]  -5.5082869  -5.3006589 -2.6674081
 [8,]  -6.7770082  -6.6724210 -3.5587646
 [9,]  -8.6463894  -8.7506842 -5.3099337
[10,] -10.8279575 -13.0778695 -5.5252154
[1] ""
[1] "--------------------------------"
