[1] "--------------------------------"
[1] "Test for euler :"
 [1]   0.000000  -1.047838  -3.973610  -5.330168  -9.182014 -13.505616
 [7] -18.712376 -18.006926 -15.123749 -21.771659
[1] ""
[1] "Test for indiv_silh :"
            [,1]       [,2]      [,3]
 [1,]  0.0000000   0.000000  0.000000
 [2,] -0.3194325  -1.917330 -1.168353
 [3,] -1.1680377  -3.008155 -1.872118
 [4,] -5.0514654  -5.381833 -5.366409
 [5,] -1.4107880 -13.035900 -2.553594
 [6,] -1.2169185 -13.589188 -1.410564
 [7,] -0.7349540 -16.185267 -3.485325
 [8,] -3.9813387 -14.322876 -2.225553
 [9,] -1.1049795 -11.396693 -6.496211
[10,] -2.4203733 -15.376859 -3.264856
[1] ""
[1] "Test for all-silh :"
 [1]   0.0000000  -0.7245606  -2.1276336  -6.4949508 -11.6868578 -15.2409409
 [7] -17.3334249 -15.4165811 -14.8405950 -19.2217146
[1] ""
[1] "Test for distr :"
            [,1]       [,2]       [,3]
 [1,]   0.000000   0.000000   0.000000
 [2,]  -2.488062  -2.629088  -2.244681
 [3,]  -3.475924  -4.984608  -2.503938
 [4,]  -7.545557  -7.444982  -3.780889
 [5,] -17.802294 -14.403050  -5.758214
 [6,] -30.988045 -15.809795  -7.103656
 [7,]       -Inf -32.217915 -10.248613
 [8,]       -Inf       -Inf -17.768521
 [9,]       -Inf       -Inf -14.839820
[10,]       -Inf       -Inf -15.070086
[1] ""
[1] "Test for contour :"
           [,1]      [,2]       [,3]
 [1,]  0.000000  0.000000  0.0000000
 [2,] -3.324236 -1.692820 -0.7635696
 [3,] -2.453408 -1.980502 -1.6194882
 [4,] -6.214608 -5.521461 -4.6051702
 [5,]      -Inf      -Inf       -Inf
 [6,]      -Inf      -Inf       -Inf
 [7,]      -Inf      -Inf       -Inf
 [8,]      -Inf      -Inf       -Inf
 [9,] -6.214608      -Inf       -Inf
[10,]      -Inf      -Inf       -Inf
[1] ""
[1] "Test for global-kde :"
             [,1]       [,2]       [,3]
 [1,]  -0.2172108 -0.2251180 -0.2432962
 [2,]  -0.9731239 -0.8891506 -0.9863639
 [3,]  -1.1129165 -1.1867739 -1.0782237
 [4,]  -1.5265233 -1.5548211 -1.3398483
 [5,]  -2.1220550 -2.3766093 -1.5685510
 [6,]  -3.3297549 -3.6858503 -2.4581855
 [7,]  -4.8065123 -4.2335116 -2.7316918
 [8,]  -7.4889082 -8.7887348 -4.5953635
 [9,] -12.3004882 -8.3800279 -4.7746917
[10,]  -9.4539744 -8.7783875 -4.6816446
[1] ""
[1] "--------------------------------"
