[1] "--------------------------------"
[1] "Test for euler :"
 [1]   0.00000000  -0.08972243  -0.56800564  -3.32835782  -1.58541844
 [6]  -7.77116008 -14.51972949 -14.89079319 -19.67896568  -2.42143574
[1] ""
[1] "Test for indiv_silh :"
           [,1]        [,2]       [,3]
 [1,]  0.000000   0.0000000  0.0000000
 [2,] -1.887077  -0.5140394 -1.4790916
 [3,] -3.871523  -1.9703281 -1.2205750
 [4,] -5.331149  -0.9162511 -2.0154839
 [5,] -2.258108 -10.7884264 -2.2710146
 [6,] -8.414333  -9.1508832 -1.7755111
 [7,] -1.753871 -12.4915152 -3.0828007
 [8,] -7.104137 -20.5513499 -3.3207259
 [9,] -2.740484 -11.8290352 -5.6628818
[10,] -1.259328  -1.0208429 -0.3612437
[1] ""
[1] "Test for all-silh :"
 [1]   0.0000000  -0.8724143  -3.0345735  -3.6353391 -10.0855175 -12.8458834
 [7] -12.6709194 -24.2553032 -14.7672083  -0.5832762
[1] ""
[1] "Test for distr :"
            [,1]       [,2]       [,3]
 [1,]   0.000000   0.000000   0.000000
 [2,]  -1.999778  -3.272213  -1.549040
 [3,]  -4.902691  -4.317461  -2.196570
 [4,] -12.318528  -8.087291  -4.222282
 [5,] -14.893139  -9.407061  -5.373179
 [6,] -24.256012 -21.868195  -8.929763
 [7,]       -Inf       -Inf -12.557454
 [8,]       -Inf       -Inf -10.948397
 [9,]       -Inf       -Inf -19.192876
[10,]  -1.373298  -1.689214  -1.128517
[1] ""
[1] "Test for contour :"
            [,1]      [,2]        [,3]
 [1,]  0.0000000  0.000000  0.00000000
 [2,] -0.9063404 -2.087474 -1.15836229
 [3,] -2.5770219 -2.603690 -6.21460810
 [4,]       -Inf -4.135167        -Inf
 [5,] -5.1159958      -Inf        -Inf
 [6,]       -Inf      -Inf        -Inf
 [7,]       -Inf      -Inf        -Inf
 [8,] -6.2146081      -Inf        -Inf
 [9,] -6.2146081      -Inf        -Inf
[10,] -0.4369558 -1.197328 -0.01612938
[1] ""
[1] "Test for global-kde :"
           [,1]        [,2]       [,3]
 [1,] -0.224046  -0.2209042 -0.2393193
 [2,] -0.786906  -0.8905536 -0.8716565
 [3,] -1.095717  -1.1154663 -0.9174131
 [4,] -1.828749  -1.7308159 -1.3619701
 [5,] -2.225877  -2.0917951 -1.5799470
 [6,] -3.290516  -3.5848675 -2.5731926
 [7,] -4.597189  -4.7782852 -3.4712291
 [8,] -6.131501  -5.7467365 -3.4338692
 [9,] -7.838053 -10.0178643 -6.0420709
[10,] -0.709000  -0.7198445 -0.7893213
[1] ""
[1] "--------------------------------"
