[1] "--------------------------------"
[1] "Test for euler :"
 [1]   0.0000000  -0.2557429  -0.4172407  -3.8065603  -4.5368671 -10.5056924
 [7] -13.1307226  -9.2807992 -18.3239462 -14.3600005
[1] ""
[1] "Test for indiv_silh :"
             [,1]         [,2]        [,3]
 [1,]  0.00000000   0.00000000  0.00000000
 [2,] -0.03561073  -0.03835231 -0.28399693
 [3,] -1.37499688  -3.13179075 -0.89370077
 [4,] -6.78934353  -7.47355911 -0.70892365
 [5,] -1.74396177  -5.67524980 -0.46634652
 [6,] -4.84217144  -9.55197741 -0.01315903
 [7,] -3.76060292 -15.23737860 -0.20872266
 [8,] -1.06307686 -10.46722638 -0.22842122
 [9,] -1.15310385 -16.66199712 -0.81257459
[10,] -1.37814598 -17.24530816 -0.33042684
[1] ""
[1] "Test for all-silh :"
 [1]   0.00000000  -0.01137164  -4.01795722 -13.39815314  -5.72451570
 [6]  -9.76248455 -16.70886717 -11.95792225 -19.42957912 -20.60402046
[1] ""
[1] "Test for distr :"
            [,1]       [,2]       [,3]
 [1,]   0.000000   0.000000   0.000000
 [2,]  -2.284439  -1.284389  -1.811699
 [3,]  -2.649333  -3.520702  -2.082147
 [4,]  -4.262505  -4.955386  -2.122077
 [5,] -19.937484 -11.516628  -3.273983
 [6,] -28.291447 -31.621205  -5.907398
 [7,]       -Inf -39.444851 -12.332959
 [8,]       -Inf       -Inf -11.446595
 [9,]       -Inf       -Inf -14.349500
[10,]       -Inf       -Inf -20.243840
[1] ""
[1] "Test for contour :"
           [,1]      [,2]      [,3]
 [1,]  0.000000  0.000000  0.000000
 [2,] -1.783791 -1.370421 -1.370421
 [3,] -1.995100 -2.244316 -2.189256
 [4,]      -Inf -4.605170      -Inf
 [5,]      -Inf      -Inf      -Inf
 [6,]      -Inf      -Inf      -Inf
 [7,]      -Inf      -Inf      -Inf
 [8,]      -Inf      -Inf      -Inf
 [9,]      -Inf      -Inf      -Inf
[10,] -6.214608      -Inf      -Inf
[1] ""
[1] "Test for global-kde :"
             [,1]        [,2]       [,3]
 [1,]  -0.2306787  -0.2161048 -0.2376036
 [2,]  -0.7653516  -0.8024840 -0.8094295
 [3,]  -0.8821188  -1.0971449 -0.9160871
 [4,]  -1.3817310  -1.4731046 -1.3398755
 [5,]  -2.6050275  -2.4236800 -1.5491912
 [6,]  -3.6830901  -4.5371200 -2.2362141
 [7,]  -5.6363867  -6.2274026 -3.0985669
 [8,]  -7.8871385  -8.4905094 -4.3765262
 [9,] -11.2921128  -8.9433129 -4.7938308
[10,] -11.4837676 -10.2522037 -4.8836866
[1] ""
[1] "--------------------------------"
