[1] "--------------------------------"
[1] "Test for euler :"
 [1]   0.0000000  -0.3347539  -1.8463271  -4.4973147  -2.3734179  -9.8997017
 [7] -14.2365061 -14.8016813 -17.1083410  -0.5250376
[1] ""
[1] "Test for indiv_silh :"
             [,1]         [,2]        [,3]
 [1,]   0.0000000   0.00000000  0.00000000
 [2,]  -0.8862036  -0.36447754 -0.01230439
 [3,]  -0.5913317  -0.26062495 -0.54547181
 [4,]  -6.0346695  -3.49367607 -0.23202892
 [5,]  -3.0102432  -4.70603942 -0.62255222
 [6,]  -6.9530202 -16.33495300 -1.24967854
 [7,] -10.5297488 -16.28351291 -0.25207831
 [8,]  -5.7057059 -18.72431390 -1.07278941
 [9,]  -5.4119645 -18.05127133 -1.99147079
[10,]  -1.7257023  -0.09943304 -0.10664310
[1] ""
[1] "Test for all-silh :"
 [1]   0.0000000  -0.1988135  -0.1474861  -5.4347889  -5.7135927 -19.0650839
 [7] -21.1864156 -22.8204922 -22.1299645  -0.4757055
[1] ""
[1] "Test for distr :"
             [,1]       [,2]       [,3]
 [1,]   0.0000000   0.000000   0.000000
 [2,]  -1.6014138  -1.695454  -1.322802
 [3,]  -2.6152202  -2.485386  -1.996581
 [4,] -10.6662312  -5.180276  -2.814925
 [5,] -21.0762279 -17.131246  -4.499008
 [6,] -39.4448508 -18.065311  -8.363050
 [7,]        -Inf -33.171974  -9.059943
 [8,]        -Inf       -Inf  -7.819717
 [9,]        -Inf -36.112646 -13.145450
[10,]  -0.8788211  -1.468407  -1.331294
[1] ""
[1] "Test for contour :"
            [,1]       [,2]       [,3]
 [1,]  0.0000000  0.0000000  0.0000000
 [2,] -0.4124897 -0.9364934 -0.1696028
 [3,] -3.6496587 -1.0966143 -2.4304185
 [4,]       -Inf -2.1892564       -Inf
 [5,] -6.2146081       -Inf       -Inf
 [6,]       -Inf       -Inf       -Inf
 [7,]       -Inf       -Inf       -Inf
 [8,]       -Inf       -Inf       -Inf
 [9,] -3.3242363       -Inf       -Inf
[10,] -1.0788097 -0.3285041 -0.0618754
[1] ""
[1] "Test for global-kde :"
             [,1]       [,2]       [,3]
 [1,]  -0.2251897 -0.2098065 -0.2392028
 [2,]  -0.7349630 -0.7955744 -0.7449792
 [3,]  -0.9123621 -1.0669549 -0.8726302
 [4,]  -1.4121402 -1.2474740 -1.0933646
 [5,]  -2.5508058 -2.3209077 -1.4479887
 [6,]  -4.2502299 -3.2322740 -2.3572312
 [7,]  -6.8449976 -6.1278254 -2.8909908
 [8,]  -8.8547949 -7.1365163 -3.0118398
 [9,] -11.7186743 -6.0276399 -3.9897094
[10,]  -0.7281142 -0.7636342 -0.7865782
[1] ""
[1] "--------------------------------"
