[1] "--------------------------------"
[1] "Test for euler :"
 [1]   0.00000000  -0.93771258  -2.48924327  -4.47455461 -10.57391199
 [6]  -5.31933108 -12.77863117 -13.57242170 -14.51548047  -0.01684365
[1] ""
[1] "Test for indiv_silh :"
            [,1]         [,2]      [,3]
 [1,]  0.0000000   0.00000000  0.000000
 [2,] -1.4846814  -0.02573699 -2.129794
 [3,] -2.9787431  -2.76601344 -1.168759
 [4,] -1.1788054  -7.41527650 -1.255372
 [5,] -2.4973837  -6.05106583 -2.084303
 [6,] -2.8982885 -21.00019986 -2.577585
 [7,] -1.3624926 -11.60496051 -1.935422
 [8,] -1.3217794 -13.30039192 -1.294186
 [9,] -3.2177541 -15.71361095 -3.800716
[10,] -0.7841272  -0.13369805 -1.813783
[1] ""
[1] "Test for all-silh :"
 [1]   0.000000  -1.250533  -3.748567  -5.280240  -6.102353 -19.601193
 [7] -16.763610 -16.529228 -19.171609  -0.634006
[1] ""
[1] "Test for distr :"
             [,1]       [,2]       [,3]
 [1,]   0.0000000   0.000000   0.000000
 [2,]  -1.2737660  -1.916410  -1.701959
 [3,]  -3.7725261  -2.675012  -1.983611
 [4,] -10.8688234  -8.186446  -3.801893
 [5,] -18.4709118 -14.229363  -3.623593
 [6,] -25.1852392 -17.239606  -6.951025
 [7,]        -Inf -36.736801  -9.470414
 [8,]        -Inf       -Inf -11.013043
 [9,]        -Inf       -Inf -11.446423
[10,]  -0.9846811  -2.087908  -2.276733
[1] ""
[1] "Test for contour :"
             [,1]        [,2]        [,3]
 [1,]  0.00000000  0.00000000  0.00000000
 [2,] -0.01816397 -0.08773891 -0.51082562
 [3,] -2.32278780 -1.80788885 -2.47693848
 [4,] -2.78062089        -Inf        -Inf
 [5,] -6.21460810        -Inf        -Inf
 [6,] -4.42284863        -Inf        -Inf
 [7,]        -Inf        -Inf        -Inf
 [8,] -6.21460810        -Inf        -Inf
 [9,] -3.72970145        -Inf        -Inf
[10,] -0.19601488 -0.03666398 -0.06827884
[1] ""
[1] "Test for global-kde :"
             [,1]       [,2]       [,3]
 [1,]  -0.2251381 -0.2194800 -0.2435642
 [2,]  -0.7692479 -0.8329690 -0.8112637
 [3,]  -1.0114015 -0.9789518 -0.8612232
 [4,]  -1.6492185 -1.4523511 -1.1420275
 [5,]  -2.5729892 -2.3209705 -1.6684250
 [6,]  -3.3464079 -3.0107576 -2.0539483
 [7,]  -5.6194806 -5.3927527 -2.9853347
 [8,]  -8.5520633 -7.5603919 -3.3397015
 [9,] -10.7229958 -8.2140678 -4.2598856
[10,]  -0.7056498 -0.7617816 -0.7494208
[1] ""
[1] "--------------------------------"
