[1] "--------------------------------"
[1] "Test for euler :"
 [1]   0.0000000  -0.1338183  -1.0935975  -2.3465989  -8.2878694  -6.9787080
 [7]  -9.5472229 -11.3287257 -13.4680852  -0.1229983
[1] ""
[1] "Test for indiv_silh :"
            [,1]       [,2]       [,3]
 [1,]  0.0000000   0.000000  0.0000000
 [2,] -0.4259260  -1.950317 -1.1815119
 [3,] -0.7142764  -5.744192 -0.4215370
 [4,] -2.2380175  -4.092421 -0.4734235
 [5,] -4.1077580 -11.355250 -1.1747119
 [6,] -0.9984554 -15.901131 -0.6099182
 [7,] -1.6522332 -13.762281 -1.8191148
 [8,] -2.9216676 -17.478893 -3.7289777
 [9,] -0.7820222 -16.168589 -0.2011221
[10,] -0.9286569  -1.103312 -0.3985473
[1] ""
[1] "Test for all-silh :"
 [1]   0.0000000  -1.3452236  -3.3513177  -3.5300349 -12.1220034 -14.6870838
 [7] -13.9324020 -21.4544254 -19.4694969  -0.4405157
[1] ""
[1] "Test for distr :"
             [,1]       [,2]       [,3]
 [1,]   0.0000000   0.000000   0.000000
 [2,]  -1.9901697  -1.987047  -1.406641
 [3,]  -6.3237286  -5.048940  -2.307656
 [4,] -11.2196201  -6.095939  -3.734227
 [5,] -21.6956571  -9.228777  -4.468309
 [6,] -35.4194991 -21.900340  -6.982260
 [7,] -36.9599441 -33.120492  -8.987553
 [8,]        -Inf       -Inf -10.811691
 [9,]        -Inf       -Inf -19.723138
[10,]  -0.7173179  -1.624652  -1.575251
[1] ""
[1] "Test for contour :"
            [,1]      [,2]         [,3]
 [1,]  0.0000000  0.000000 -0.002002003
 [2,] -1.8078889 -2.071473 -0.616186139
 [3,] -4.6051702 -4.017384 -5.115995810
 [4,] -5.5214609      -Inf         -Inf
 [5,]       -Inf      -Inf         -Inf
 [6,]       -Inf      -Inf         -Inf
 [7,]       -Inf      -Inf         -Inf
 [8,]       -Inf      -Inf         -Inf
 [9,] -1.8078889      -Inf         -Inf
[10,] -0.8722738 -2.024953 -1.570217199
[1] ""
[1] "Test for global-kde :"
             [,1]        [,2]       [,3]
 [1,]  -0.2248583  -0.2230127 -0.2429381
 [2,]  -0.7274387  -0.8484646 -0.7499279
 [3,]  -1.0936221  -1.2869225 -0.9310902
 [4,]  -1.6080452  -1.8973815 -1.2244161
 [5,]  -2.4242536  -2.2798043 -1.5904168
 [6,]  -3.7254664  -3.4693864 -2.1256026
 [7,]  -5.3292397  -5.2417722 -2.5002135
 [8,]  -7.5224043  -6.2486857 -3.2102096
 [9,] -12.0670640 -10.1198274 -5.1876176
[10,]  -0.6982753  -0.7206084 -0.7529364
[1] ""
[1] "--------------------------------"
