[1] "--------------------------------"
[1] "Test for euler :"
 [1]   0.0000000  -0.5736001  -1.0862026  -1.1916778  -5.6901471  -6.2953407
 [7]  -7.7987787 -10.9906714 -16.1381064  -9.5833168
[1] ""
[1] "Test for indiv_silh :"
            [,1]        [,2]       [,3]
 [1,]  0.0000000   0.0000000  0.0000000
 [2,] -0.3215171  -0.2515688 -0.4648537
 [3,] -2.4649389  -0.4698144 -0.6275985
 [4,] -2.2330941  -2.3733859 -1.4435817
 [5,] -1.9565787  -5.5145979 -1.9961624
 [6,] -2.0131882 -12.0361681 -3.9129794
 [7,] -2.7652798 -10.4112028 -4.0558152
 [8,] -2.0488798 -12.2999708 -1.8412736
 [9,] -0.2911965 -11.4221928 -2.8977852
[10,] -0.8165403 -13.6041215 -3.0409855
[1] ""
[1] "Test for all-silh :"
 [1]   0.00000000  -0.05311995  -1.08585180  -2.04185837  -3.73684008
 [6]  -9.45978480 -12.13976743 -16.70216371 -10.98925086 -14.55276774
[1] ""
[1] "Test for distr :"
            [,1]       [,2]       [,3]
 [1,]   0.000000   0.000000   0.000000
 [2,]  -1.427364  -1.933859  -1.325731
 [3,]  -3.200136  -3.512265  -2.079263
 [4,] -10.212552  -8.556234  -4.002698
 [5,] -16.404650 -13.516560  -4.319817
 [6,] -35.140786 -23.197383  -5.678251
 [7,]       -Inf -32.309960  -9.007610
 [8,]       -Inf       -Inf -14.328110
 [9,]       -Inf       -Inf  -9.215674
[10,]       -Inf       -Inf -14.886995
[1] ""
[1] "Test for contour :"
           [,1]      [,2]       [,3]
 [1,]  0.000000  0.000000  0.0000000
 [2,] -3.270169 -2.055725 -0.5412848
 [3,] -1.294627 -1.452434 -1.5798791
 [4,] -4.135167 -3.079114 -5.1159958
 [5,] -3.506558      -Inf -6.2146081
 [6,]      -Inf      -Inf       -Inf
 [7,]      -Inf      -Inf       -Inf
 [8,] -6.214608      -Inf       -Inf
 [9,] -4.135167      -Inf       -Inf
[10,] -2.995732      -Inf       -Inf
[1] ""
[1] "Test for global-kde :"
             [,1]       [,2]       [,3]
 [1,]  -0.2223515 -0.2055293 -0.2382771
 [2,]  -0.8303206 -0.7619001 -0.7765231
 [3,]  -0.9940158 -1.2979729 -0.9753207
 [4,]  -1.5592693 -1.5090125 -1.0973928
 [5,]  -2.2370741 -2.3789387 -1.3420311
 [6,]  -3.7425588 -3.5204084 -1.7352957
 [7,]  -5.8071329 -4.7648125 -2.5184885
 [8,] -10.1951088 -7.5224056 -3.7063554
 [9,] -10.5945677 -9.6258343 -4.0255294
[10,] -10.8995661 -9.3454044 -4.8340544
[1] ""
[1] "--------------------------------"
