[1] "--------------------------------"
[1] "Test for euler :"
 [1]   0.0000000  -0.3059828  -0.9226426  -4.0088816  -6.0274459  -6.9698102
 [7]  -6.7398126 -15.9768417 -16.2395521  -0.4699567
[1] ""
[1] "Test for indiv_silh :"
             [,1]        [,2]      [,3]
 [1,]  0.00000000   0.0000000  0.000000
 [2,] -0.03008234  -1.1310972 -2.608625
 [3,] -0.64909148  -0.9030652 -4.606720
 [4,] -0.35076735  -5.3651263 -3.611166
 [5,] -2.83088326  -6.6622930 -2.391251
 [6,] -0.89934640 -13.4653803 -2.663982
 [7,] -0.60406938 -11.4239937 -3.510707
 [8,] -2.41194079 -16.1777301 -4.237634
 [9,] -1.90480453 -13.9707702 -2.263078
[10,] -1.41659505  -0.1707414 -0.692616
[1] ""
[1] "Test for all-silh :"
 [1]   0.000000  -1.272973  -3.038780  -5.853815  -9.683155 -14.599406
 [7] -10.982693 -17.595958 -14.807099  -0.380471
[1] ""
[1] "Test for distr :"
            [,1]       [,2]       [,3]
 [1,]   0.000000   0.000000   0.000000
 [2,]  -1.682254  -1.968437  -1.432967
 [3,]  -4.816282  -4.546684  -2.652368
 [4,]  -8.196847  -5.487391  -2.499873
 [5,] -17.142374  -6.878906  -6.469764
 [6,] -31.001304 -21.229858  -6.885522
 [7,]       -Inf -25.364098 -10.986411
 [8,]       -Inf       -Inf -13.073313
 [9,]       -Inf       -Inf -14.891069
[10,]  -1.303116  -2.146888  -1.382396
[1] ""
[1] "Test for contour :"
            [,1]         [,2]      [,3]
 [1,]  0.0000000 -0.002002003  0.000000
 [2,] -0.3424903 -2.040220829 -1.386294
 [3,] -2.2443162 -2.918771232      -Inf
 [4,] -4.6051702 -3.575550769 -6.214608
 [5,]       -Inf         -Inf      -Inf
 [6,]       -Inf         -Inf      -Inf
 [7,]       -Inf         -Inf      -Inf
 [8,]       -Inf         -Inf      -Inf
 [9,]       -Inf         -Inf      -Inf
[10,] -0.4942963 -0.558616288 -1.190728
[1] ""
[1] "Test for global-kde :"
            [,1]        [,2]       [,3]
 [1,] -0.2227194  -0.2236601 -0.2470121
 [2,] -0.8004773  -0.8523595 -0.7631160
 [3,] -1.1375030  -1.1266800 -1.0332422
 [4,] -1.4705717  -1.5269636 -0.9800499
 [5,] -2.2656480  -2.1871259 -1.7105332
 [6,] -3.6761446  -3.3369240 -1.7264280
 [7,] -5.9157643  -4.8373996 -3.1899820
 [8,] -7.2468265  -7.3402135 -3.5673667
 [9,] -8.8840075 -10.7575474 -3.9196028
[10,] -0.7828344  -0.8256293 -0.6966765
[1] ""
[1] "--------------------------------"
