[1] "--------------------------------"
[1] "Test for euler :"
 [1]   0.000000  -1.473750  -4.633978  -4.540250  -7.806432 -11.969021
 [7] -11.674052 -18.060920 -14.811032 -20.048251
[1] ""
[1] "Test for indiv_silh :"
            [,1]       [,2]        [,3]
 [1,]  0.0000000   0.000000  0.00000000
 [2,] -1.1787582  -3.599341 -0.39132642
 [3,] -1.3268088  -9.834182 -0.51453304
 [4,] -0.6492682  -6.520854 -1.94961522
 [5,] -4.9089041 -10.659090 -0.59601741
 [6,] -0.8351608 -17.242367 -0.05428854
 [7,] -4.5079099 -15.746158 -2.07123251
 [8,] -3.9114717 -17.059302 -1.61207639
 [9,] -1.1104414 -13.450587 -1.19574016
[10,] -5.1142341 -15.168413 -1.89078470
[1] ""
[1] "Test for all-silh :"
 [1]   0.000000  -1.961644  -7.246553  -5.091955 -12.112121 -15.764315
 [7] -16.710950 -20.123350 -15.278578 -18.157387
[1] ""
[1] "Test for distr :"
            [,1]       [,2]       [,3]
 [1,]   0.000000   0.000000   0.000000
 [2,]  -1.718015  -1.668696  -1.494152
 [3,]  -3.027274  -3.623318  -1.899209
 [4,]  -7.880924  -6.170064  -4.221119
 [5,] -18.693754 -14.639973  -6.461729
 [6,] -33.899673 -21.043947  -6.700063
 [7,]       -Inf -32.728256  -7.947591
 [8,]       -Inf       -Inf -12.535953
 [9,]       -Inf       -Inf -16.401537
[10,]       -Inf       -Inf -14.631940
[1] ""
[1] "Test for contour :"
           [,1]       [,2]         [,3]
 [1,]  0.000000  0.0000000 -0.004008021
 [2,] -3.079114 -0.4877604 -0.616186139
 [3,] -2.748872 -4.4228486 -2.525728644
 [4,] -2.322788 -4.6051702         -Inf
 [5,]      -Inf       -Inf         -Inf
 [6,] -5.115996       -Inf         -Inf
 [7,] -4.268698       -Inf         -Inf
 [8,] -3.816713       -Inf         -Inf
 [9,] -1.370421       -Inf         -Inf
[10,] -4.422849       -Inf         -Inf
[1] ""
[1] "Test for global-kde :"
             [,1]        [,2]       [,3]
 [1,]  -0.2205815  -0.2270178 -0.2447170
 [2,]  -0.9117373  -0.7574106 -0.7475534
 [3,]  -0.9770921  -1.1075883 -0.8966308
 [4,]  -1.3339947  -1.5925980 -1.2301809
 [5,]  -2.3565395  -1.9015886 -1.6835887
 [6,]  -3.6120403  -2.8770284 -1.7339307
 [7,]  -5.3114101  -4.0367648 -2.3855315
 [8,]  -7.5487968  -7.6408820 -3.7577190
 [9,]  -7.9320303  -8.1786046 -5.1453970
[10,] -11.4508210 -11.4031043 -4.4693387
[1] ""
[1] "--------------------------------"
