[1] "--------------------------------"
[1] "Test for euler :"
 [1]   0.0000000  -0.5466175  -1.3555539  -1.3714253  -2.5718100  -0.9137456
 [7]  -5.4573111 -10.4428129  -6.3551674  -0.1863328
[1] ""
[1] "Test for indiv_silh :"
            [,1]         [,2]        [,3]
 [1,]  0.0000000   0.00000000  0.00000000
 [2,] -0.4222250  -0.16760364 -0.35481021
 [3,] -0.6395816  -0.44767309 -0.31167610
 [4,] -0.3293375  -2.66006991 -0.04338670
 [5,] -6.8696872  -7.68717033 -0.60426688
 [6,] -3.3023826  -8.46316464 -2.27499063
 [7,] -0.9202410 -12.42569987 -1.91379050
 [8,] -2.1996914 -14.82583288 -5.42764895
 [9,] -1.8805449 -14.87306437 -0.73212502
[10,] -0.5754903  -0.03087953 -0.03261881
[1] ""
[1] "Test for all-silh :"
 [1]   0.00000000  -0.02440095  -0.12862783  -1.30843672 -11.08292735
 [6]  -8.59062343 -19.18363087 -18.77665844 -19.15944885  -0.04659463
[1] ""
[1] "Test for distr :"
            [,1]       [,2]       [,3]
 [1,]   0.000000   0.000000   0.000000
 [2,]  -1.528446  -2.036594  -2.126744
 [3,]  -4.840456  -4.638826  -2.127751
 [4,]  -5.641082  -8.414572  -3.088532
 [5,] -15.963967 -11.230281  -5.069542
 [6,] -32.459209 -26.502993  -5.082803
 [7,] -39.444851 -20.127755  -7.222323
 [8,]       -Inf -34.772022  -8.940784
 [9,]       -Inf -38.751704 -10.451251
[10,]  -1.824333  -2.268897  -1.851705
[1] ""
[1] "Test for contour :"
             [,1]       [,2]       [,3]
 [1,]  0.00000000  0.0000000  0.0000000
 [2,] -0.04709161 -1.7037486 -0.4845083
 [3,] -1.54177926 -3.5065579 -2.3025851
 [4,] -0.81193072       -Inf -4.6051702
 [5,] -6.21460810       -Inf       -Inf
 [6,]        -Inf       -Inf       -Inf
 [7,]        -Inf       -Inf       -Inf
 [8,]        -Inf       -Inf       -Inf
 [9,] -4.26869795       -Inf       -Inf
[10,] -0.09651090 -0.4975804 -1.0788097
[1] ""
[1] "Test for global-kde :"
             [,1]       [,2]       [,3]
 [1,]  -0.2180235 -0.2287357 -0.2454827
 [2,]  -0.7257314 -0.8132857 -0.8141513
 [3,]  -1.0193818 -1.1041876 -0.9879713
 [4,]  -1.4723787 -1.5169072 -1.2003091
 [5,]  -2.1823505 -2.5246501 -1.4644254
 [6,]  -3.2666339 -3.7072074 -1.8827717
 [7,]  -4.2955901 -4.2512447 -2.3505930
 [8,]  -8.6903436 -6.2474017 -4.1234707
 [9,] -10.3929108 -6.7589738 -4.7007892
[10,]  -0.8170327 -0.8232266 -0.7849781
[1] ""
[1] "--------------------------------"
