[1] "--------------------------------"
[1] "Test for euler :"
 [1] -12.395167 -11.125020  -7.768019  -5.626953  -2.510654  -2.787538
 [7]  -1.266107  -1.772830  -3.576230   0.000000
[1] ""
[1] "Test for indiv_silh :"
            [,1]        [,2]       [,3]
 [1,] -0.7165120 -17.0444808 -2.2346883
 [2,] -0.7505239 -16.0953383 -1.6572795
 [3,] -1.7434612 -16.5174212 -2.0435322
 [4,] -2.5318999 -15.5397290 -0.7782969
 [5,] -2.5441873 -14.9704954 -1.3873869
 [6,] -2.1999022 -12.4173849 -0.1264372
 [7,] -1.2163434  -7.6380871 -0.5268230
 [8,] -2.1198061  -5.5529225 -0.8828929
 [9,] -3.4636368  -0.1919444 -1.7258671
[10,]  0.0000000   0.0000000  0.0000000
[1] ""
[1] "Test for all-silh :"
 [1] -19.323035 -18.008458 -17.654066 -16.889834 -16.466887 -12.143691
 [7]  -6.258102  -4.797805  -1.872086   0.000000
[1] ""
[1] "Test for distr :"
            [,1]       [,2]       [,3]
 [1,]       -Inf       -Inf -13.209910
 [2,]       -Inf       -Inf -15.990777
 [3,]       -Inf       -Inf  -9.342426
 [4,] -37.046955 -29.784646  -7.809664
 [5,] -28.403546 -24.834728  -5.616412
 [6,] -17.489011 -11.048074  -3.307501
 [7,]  -7.138068  -6.123147  -2.432885
 [8,]  -1.328013  -2.641955  -1.560741
 [9,]  -1.775756  -1.541293  -1.022072
[10,]   0.000000   0.000000   0.000000
[1] ""
[1] "Test for contour :"
           [,1]         [,2]        [,3]
 [1,] -3.442019         -Inf        -Inf
 [2,] -4.828314         -Inf        -Inf
 [3,] -5.115996         -Inf        -Inf
 [4,] -1.937942         -Inf        -Inf
 [5,] -3.036554 -4.268697949        -Inf
 [6,] -3.816713 -2.302585093 -6.21460810
 [7,] -4.268698 -2.603690186 -6.21460810
 [8,] -1.010601 -0.497580397 -3.21887582
 [9,] -0.597837 -0.681218610 -0.03252319
[10,]  0.000000 -0.004008021 -0.15315118
[1] ""
[1] "Test for global-kde :"
             [,1]        [,2]       [,3]
 [1,] -11.3841864 -10.6316025 -4.7548033
 [2,]  -9.3887034  -9.4954838 -4.8225220
 [3,]  -6.4859491  -6.3972290 -3.6738523
 [4,]  -3.7164710  -4.3600114 -2.5424172
 [5,]  -2.8020748  -2.9867571 -2.2649133
 [6,]  -1.7902376  -1.9330900 -1.3382941
 [7,]  -1.0932896  -1.1930587 -1.1662543
 [8,]  -0.8112934  -0.8459283 -0.7799102
 [9,]  -0.7420784  -0.8484871 -0.6729957
[10,]  -0.2215421  -0.2553446 -0.2058826
[1] ""
[1] "--------------------------------"
