[1] "--------------------------------"
[1] "Test for euler :"
 [1] -14.6748647 -13.2131227 -17.6144613 -11.0115351  -6.0475596  -8.3438321
 [7]  -5.3267064  -0.4997695  -2.2526370   0.0000000
[1] ""
[1] "Test for indiv_silh :"
            [,1]       [,2]         [,3]
 [1,] -4.1977538 -11.188177 -1.201502398
 [2,] -4.2158371 -10.596747 -1.782033213
 [3,] -1.6388709 -10.782440 -0.340978154
 [4,] -2.2498547 -10.428693 -0.503870144
 [5,] -1.1497326  -8.702446 -0.342823333
 [6,] -0.9248100  -8.525174 -0.642486019
 [7,] -0.2473074  -6.464727 -0.507658600
 [8,] -2.1663567  -0.517706 -0.004484852
 [9,] -2.7917307  -1.275880 -2.747527508
[10,]  0.0000000   0.000000  0.000000000
[1] ""
[1] "Test for all-silh :"
 [1] -10.5736118  -9.9272385 -10.3958515  -9.0530879  -7.0064189  -6.9801454
 [7]  -4.9943886  -0.7273995  -2.7267216   0.0000000
[1] ""
[1] "Test for distr :"
            [,1]       [,2]       [,3]
 [1,]       -Inf       -Inf -11.774440
 [2,]       -Inf       -Inf  -9.539120
 [3,]       -Inf       -Inf  -8.155503
 [4,]       -Inf -19.694683  -4.271641
 [5,] -29.927467 -17.130328  -4.144752
 [6,] -12.933777  -7.918415  -4.061280
 [7,]  -8.060183  -3.594791  -1.639322
 [8,]  -3.319524  -2.721862  -2.544978
 [9,]  -1.387879  -1.392752  -1.514203
[10,]   0.000000   0.000000   0.000000
[1] ""
[1] "Test for contour :"
           [,1]        [,2]        [,3]
 [1,] -6.214608        -Inf        -Inf
 [2,] -2.343407        -Inf        -Inf
 [3,] -2.263364        -Inf        -Inf
 [4,] -2.282782        -Inf        -Inf
 [5,] -4.422849        -Inf        -Inf
 [6,] -1.108663        -Inf        -Inf
 [7,] -1.427116        -Inf -0.91130319
 [8,] -1.579879 -1.66073121 -0.38272562
 [9,] -1.692820 -1.80788885 -0.20089294
[10,]  0.000000 -0.01207258 -0.08338161
[1] ""
[1] "Test for global-kde :"
             [,1]       [,2]       [,3]
 [1,] -12.5418587 -8.5421387 -3.8718781
 [2,] -11.3980775 -6.4655131 -3.4091332
 [3,]  -7.1826699 -5.2598768 -2.9043212
 [4,]  -4.8212887 -3.4111222 -2.3546662
 [5,]  -3.1561884 -2.7020881 -1.7829534
 [6,]  -1.7658324 -1.7210294 -1.3552404
 [7,]  -1.1055618 -1.1432372 -0.9191422
 [8,]  -0.8106671 -0.9560370 -0.9794521
 [9,]  -0.8080725 -0.7580094 -0.8912618
[10,]  -0.2233634 -0.2524322 -0.2137589
[1] ""
[1] "--------------------------------"
