[1] "--------------------------------"
[1] "Test for euler :"
 [1] -19.6908864 -13.5716982 -10.3198671  -9.6465640  -9.1819957  -4.7646974
 [7]  -2.9918165  -0.3213985  -0.1766484   0.0000000
[1] ""
[1] "Test for indiv_silh :"
             [,1]        [,2]        [,3]
 [1,] -3.11048292 -20.3374943 -3.03573814
 [2,] -0.22361959 -19.5245471 -0.06936815
 [3,] -1.95968116 -20.4151458 -0.81519373
 [4,] -0.61352989 -19.6253412 -0.24848854
 [5,] -0.09924026 -18.1065934 -1.05842713
 [6,] -0.14597915 -17.0184839 -1.33355082
 [7,] -0.67080207 -12.6995069 -1.21315478
 [8,] -1.16949726  -3.7709711 -0.08828933
 [9,] -0.98446713  -0.7468421 -0.48097247
[10,]  0.00000000   0.0000000  0.00000000
[1] ""
[1] "Test for all-silh :"
 [1] -23.7232526 -21.5970344 -20.4451357 -18.7038709 -17.0067322 -14.4784104
 [7] -11.3013112  -2.0699040  -0.4745991   0.0000000
[1] ""
[1] "Test for distr :"
            [,1]       [,2]       [,3]
 [1,]       -Inf       -Inf -14.551489
 [2,]       -Inf       -Inf -12.896746
 [3,]       -Inf -36.879901  -9.902127
 [4,] -30.647453 -24.606120  -5.302206
 [5,] -26.629279 -14.902167  -4.903462
 [6,] -16.655392  -8.636423  -3.551212
 [7,]  -5.344870  -3.807901  -1.824345
 [8,]  -1.917058  -2.016291  -1.766489
 [9,]  -1.227242  -1.604892  -1.401124
[10,]   0.000000   0.000000   0.000000
[1] ""
[1] "Test for contour :"
              [,1]        [,2]       [,3]
 [1,]         -Inf        -Inf       -Inf
 [2,] -4.422848629        -Inf       -Inf
 [3,] -3.036554268        -Inf       -Inf
 [4,] -1.244794799        -Inf       -Inf
 [5,] -2.882403588 -4.82831374       -Inf
 [6,] -5.521460918        -Inf       -Inf
 [7,] -4.828313737 -0.86750057       -Inf
 [8,] -1.845160246 -0.49429632 -6.2146081
 [9,] -0.653926467 -0.43386458 -0.4124897
[10,] -0.002002003 -0.02020271 -0.1767372
[1] ""
[1] "Test for global-kde :"
            [,1]       [,2]       [,3]
 [1,] -9.7669267 -7.2562000 -3.8728678
 [2,] -8.5794888 -6.4734479 -3.7992646
 [3,] -4.8571066 -5.1502859 -3.1505486
 [4,] -3.6512070 -3.5612611 -2.2304582
 [5,] -2.5018182 -2.3395877 -2.0050488
 [6,] -1.6363230 -1.5162106 -1.5314317
 [7,] -1.0728424 -1.1989892 -1.1320488
 [8,] -0.8861660 -0.8060912 -0.9178932
 [9,] -0.7415717 -0.7179112 -0.8526846
[10,] -0.2312393 -0.2511538 -0.2211171
[1] ""
[1] "--------------------------------"
