[1] "--------------------------------"
[1] "Test for euler :"
 [1] -13.5647495  -8.7826015  -8.0425982  -5.5886133  -5.2075069  -4.4997645
 [7]  -4.6895103  -0.6528577  -2.0306273   0.0000000
[1] ""
[1] "Test for indiv_silh :"
             [,1]        [,2]        [,3]
 [1,] -3.25850265 -12.5574606 -1.19760105
 [2,] -1.07701059 -12.2514917 -2.26863957
 [3,] -0.46439101 -11.7436487 -0.11951609
 [4,] -0.58907742 -11.1788841 -0.02825782
 [5,] -0.97526421 -10.7082702 -0.20168730
 [6,] -0.15954782  -9.7305190 -1.11307055
 [7,] -0.01784511  -5.6980774 -0.64682211
 [8,] -0.27588205  -2.0303197 -0.47994881
 [9,] -2.15964963  -0.2753268 -2.94626601
[10,]  0.00000000   0.0000000  0.00000000
[1] ""
[1] "Test for all-silh :"
 [1] -16.209070 -12.679637 -11.696099 -10.813068 -10.334941  -9.376428
 [7]  -4.366799  -0.745881  -2.120590   0.000000
[1] ""
[1] "Test for distr :"
            [,1]       [,2]       [,3]
 [1,]       -Inf       -Inf -16.735830
 [2,]       -Inf -34.257465 -10.997505
 [3,] -36.043653 -29.702824  -8.568013
 [4,] -36.805793 -33.076664  -8.504437
 [5,] -14.405410 -14.151946  -4.005277
 [6,] -13.169642 -11.603578  -4.479819
 [7,]  -4.297209  -3.737144  -1.706172
 [8,]  -2.487726  -2.112090  -1.292136
 [9,]  -1.145358  -1.361245  -1.187837
[10,]   0.000000   0.000000   0.000000
[1] ""
[1] "Test for contour :"
            [,1]         [,2]       [,3]
 [1,] -5.5214609         -Inf       -Inf
 [2,] -4.4228486         -Inf       -Inf
 [3,] -4.6051702         -Inf       -Inf
 [4,] -3.0791139 -6.214608098       -Inf
 [5,] -6.2146081         -Inf       -Inf
 [6,] -5.5214609 -0.057629113 -6.2146081
 [7,] -5.5214609 -1.127011763 -1.2517635
 [8,] -3.1235656 -0.203340924 -0.6539265
 [9,] -0.7507763 -0.705219762 -2.3025851
[10,]  0.0000000 -0.004008021 -0.0965109
[1] ""
[1] "Test for global-kde :"
             [,1]        [,2]       [,3]
 [1,] -10.3909331 -10.4976603 -4.3980877
 [2,]  -6.2841644  -5.4265062 -3.7530826
 [3,]  -4.7267310  -4.2992614 -2.8811718
 [4,]  -4.0314808  -4.5562009 -2.4400898
 [5,]  -2.1714415  -2.0654030 -1.5815895
 [6,]  -1.6548520  -1.8187828 -1.2355370
 [7,]  -1.0744079  -1.2020840 -0.9474629
 [8,]  -0.8897132  -0.9228673 -0.8091819
 [9,]  -0.8314046  -0.8593305 -0.7428174
[10,]  -0.2183421  -0.2573710 -0.2246845
[1] ""
[1] "--------------------------------"
