[1] "--------------------------------"
[1] "Test for euler :"
 [1]  -9.5833168 -11.5105617  -7.7030058  -8.0388036  -3.3852281  -2.9490136
 [7]  -1.8615244  -0.5113622  -1.7794083   0.0000000
[1] ""
[1] "Test for indiv_silh :"
            [,1]        [,2]        [,3]
 [1,] -0.8165403 -13.6041215 -3.04098549
 [2,] -0.5882742 -13.3850276 -1.94460906
 [3,] -1.1408153 -13.2636873 -1.69018870
 [4,] -0.9554377 -12.7777818 -0.33085429
 [5,] -0.9428928 -11.1915602 -0.17959787
 [6,] -0.9313254  -9.9262637 -0.27638686
 [7,] -1.5262245  -6.7853771 -0.55017992
 [8,] -0.9447891  -2.4314111 -0.08280701
 [9,] -0.7292345  -0.7371253 -0.74571644
[10,]  0.0000000   0.0000000  0.00000000
[1] ""
[1] "Test for all-silh :"
 [1] -14.5527677 -14.6346178 -13.6211150 -11.9995795  -9.5326390  -8.2955301
 [7]  -4.3989182  -1.2523585  -0.1862878   0.0000000
[1] ""
[1] "Test for distr :"
            [,1]       [,2]       [,3]
 [1,]       -Inf       -Inf -14.886995
 [2,]       -Inf       -Inf -13.345592
 [3,]       -Inf -23.194049  -8.781172
 [4,] -33.824450 -14.348868  -4.702213
 [5,] -26.229205 -13.917206  -5.206169
 [6,] -12.278004  -5.830402  -3.481191
 [7,]  -3.909479  -2.953691  -1.721502
 [8,]  -1.670778  -2.605934  -1.869647
 [9,]  -1.603194  -1.900886  -1.485435
[10,]   0.000000   0.000000   0.000000
[1] ""
[1] "Test for contour :"
            [,1]         [,2]       [,3]
 [1,] -3.1235656         -Inf       -Inf
 [2,]       -Inf         -Inf       -Inf
 [3,] -2.0402208         -Inf       -Inf
 [4,] -1.9105430         -Inf       -Inf
 [5,] -1.4188176 -1.995100393       -Inf
 [6,] -1.6194882 -1.897119985 -6.2146081
 [7,] -1.0106014 -0.746547957 -3.5065579
 [8,] -0.4684049 -1.386294361 -1.1208579
 [9,] -0.4716049 -0.746547957 -0.1009259
[10,]  0.0000000 -0.008032172 -0.1791267
[1] ""
[1] "Test for global-kde :"
             [,1]       [,2]       [,3]
 [1,] -10.8995661 -9.3454044 -4.8340544
 [2,]  -8.3035829 -6.3547286 -3.9180079
 [3,]  -5.6506225 -4.0815600 -2.8623695
 [4,]  -3.5488186 -3.2119372 -2.2284014
 [5,]  -2.4699393 -2.3539183 -1.9610352
 [6,]  -1.5495079 -1.5566962 -1.5279914
 [7,]  -1.0355952 -1.0711507 -1.0954958
 [8,]  -0.8056582 -0.8717834 -0.8018075
 [9,]  -0.7589425 -0.8930826 -0.9362186
[10,]  -0.2256199 -0.2535812 -0.2128617
[1] ""
[1] "--------------------------------"
