[1] "--------------------------------"
[1] "Test for euler :"
 [1] -20.04583560 -13.66761427  -9.48502717 -11.30272430  -7.60647738
 [6]  -3.40566002  -1.76370976  -0.34371017  -0.03552719   0.00000000
[1] ""
[1] "Test for indiv_silh :"
              [,1]       [,2]        [,3]
 [1,] -2.527933314 -16.878450 -1.51293929
 [2,] -1.664194674 -16.078945 -1.53870970
 [3,] -0.429623068 -15.963665 -1.76001220
 [4,] -0.001948815 -15.326084 -0.29588672
 [5,] -0.500278496 -14.316584 -0.38153521
 [6,] -0.494954050 -11.326947 -0.29950190
 [7,] -0.592423982  -5.283475 -2.61596098
 [8,] -0.764192117  -1.373582 -0.08441113
 [9,] -1.749856105  -1.584336 -0.22402119
[10,]  0.000000000   0.000000  0.00000000
[1] ""
[1] "Test for all-silh :"
 [1] -18.3707762 -16.9647275 -16.4699832 -15.6356975 -13.3003905  -9.3436327
 [7]  -3.3599241  -0.4090901  -1.2653593   0.0000000
[1] ""
[1] "Test for distr :"
            [,1]       [,2]       [,3]
 [1,]       -Inf       -Inf -12.932235
 [2,]       -Inf       -Inf  -9.271717
 [3,]       -Inf -30.422287  -7.456720
 [4,]       -Inf -25.068404  -7.116453
 [5,] -22.091367 -12.493129  -3.472423
 [6,]  -5.067413  -7.609875  -2.878145
 [7,]  -5.735441  -2.657448  -1.876008
 [8,]  -2.199200  -1.369471  -1.568668
 [9,]  -1.444526  -2.216910  -1.517203
[10,]   0.000000   0.000000   0.000000
[1] ""
[1] "Test for contour :"
            [,1]       [,2]       [,3]
 [1,]       -Inf       -Inf       -Inf
 [2,] -1.1086626       -Inf       -Inf
 [3,] -3.6496587       -Inf       -Inf
 [4,] -4.1351666 -4.8283137       -Inf
 [5,]       -Inf -6.2146081       -Inf
 [6,]       -Inf -1.5702172       -Inf
 [7,] -3.3242363 -1.2039728       -Inf
 [8,] -4.1351666 -1.5417793 -0.6014800
 [9,] -0.7852625 -0.6539265 -0.9263411
[10,]  0.0000000  0.0000000 -0.2433463
[1] ""
[1] "Test for global-kde :"
             [,1]       [,2]       [,3]
 [1,] -10.1909411 -8.1428278 -4.6083025
 [2,]  -8.6783121 -6.4319489 -3.8034857
 [3,]  -5.5735111 -4.5738297 -2.7855817
 [4,]  -3.7333806 -3.6286061 -2.2539790
 [5,]  -2.2212415 -2.2364770 -1.5342790
 [6,]  -1.5548088 -1.6336003 -1.3111407
 [7,]  -1.0230518 -1.0056320 -0.9560329
 [8,]  -0.8121398 -0.7502561 -0.8429179
 [9,]  -0.7401613 -0.8580311 -0.7577457
[10,]  -0.2144875 -0.2518588 -0.2218515
[1] ""
[1] "--------------------------------"
