[1] "--------------------------------"
[1] "Test for euler :"
 [1] -10.572984 -19.476422 -18.866655 -14.735438  -7.587027  -9.640823
 [7]  -1.247426  -1.557737  -1.570486   0.000000
[1] ""
[1] "Test for indiv_silh :"
            [,1]         [,2]       [,3]
 [1,] -0.3968603 -15.23852756 -0.1168591
 [2,] -1.2357282 -15.16898637 -0.4206670
 [3,] -1.2119333 -14.98912812 -1.5649214
 [4,] -1.0666777 -14.27965105 -0.3748438
 [5,] -2.2728222 -13.36809093 -0.3377309
 [6,] -2.2880160 -13.08218014 -0.5766056
 [7,] -1.7593763  -8.98985948 -0.4813157
 [8,] -1.6361582  -5.60407548 -0.3603738
 [9,] -1.6320913  -0.05714651 -1.0098225
[10,]  0.0000000   0.00000000  0.0000000
[1] ""
[1] "Test for all-silh :"
 [1] -17.415064 -16.736741 -16.314947 -15.205616 -14.199813 -12.589610
 [7]  -8.208981  -4.183133  -0.920452   0.000000
[1] ""
[1] "Test for distr :"
            [,1]       [,2]       [,3]
 [1,]       -Inf       -Inf -13.143350
 [2,]       -Inf       -Inf -13.900291
 [3,]       -Inf -36.879901  -8.880486
 [4,] -30.439446 -18.602364  -5.828370
 [5,] -20.166618 -14.567734  -4.936008
 [6,] -18.123977  -7.492666  -2.151389
 [7,]  -4.978927  -2.606778  -3.014145
 [8,]  -1.874752  -1.795327  -1.064057
 [9,]  -2.408009  -1.370245  -1.413229
[10,]   0.000000   0.000000   0.000000
[1] ""
[1] "Test for contour :"
           [,1]        [,2]       [,3]
 [1,] -3.912023        -Inf       -Inf
 [2,] -3.506558        -Inf       -Inf
 [3,]      -Inf        -Inf       -Inf
 [4,] -4.268698        -Inf       -Inf
 [5,] -1.090644        -Inf       -Inf
 [6,] -4.017384        -Inf       -Inf
 [7,] -1.650260 -3.27016912 -3.6496587
 [8,] -1.883875 -1.22417551 -0.2903523
 [9,] -2.995732 -2.12026354 -0.9728611
[10,]  0.000000 -0.01005034 -0.2231436
[1] ""
[1] "Test for global-kde :"
             [,1]       [,2]       [,3]
 [1,] -12.5526929 -7.8281323 -4.3093151
 [2,]  -9.2461858 -6.4196620 -4.0131007
 [3,]  -7.1148275 -5.6553355 -2.7279817
 [4,]  -3.6929069 -3.4199593 -1.9756357
 [5,]  -2.4448289 -2.3229637 -1.5658492
 [6,]  -1.8338702 -1.5474901 -0.9973060
 [7,]  -1.1892128 -1.1002969 -1.0280109
 [8,]  -0.8111911 -0.7644588 -0.7030646
 [9,]  -0.8109297 -0.7883960 -0.7360959
[10,]  -0.2251387 -0.2502639 -0.2223832
[1] ""
[1] "--------------------------------"
