[1] "--------------------------------"
[1] "Test for euler :"
 [1]  -9.0645650 -14.4744957 -15.7698054  -9.6318374  -8.3986980  -6.8310501
 [7]  -3.9276476  -0.7537302  -1.2957191   0.0000000
[1] ""
[1] "Test for indiv_silh :"
             [,1]       [,2]      [,3]
 [1,] -0.15098137 -9.1682979 -4.458967
 [2,] -0.40555262 -9.1183581 -3.806462
 [3,] -0.18267338 -9.0272305 -3.926235
 [4,] -0.08548347 -8.4801015 -4.358766
 [5,] -2.85831484 -6.5261013 -3.694477
 [6,] -1.33697232 -6.1330843 -2.199720
 [7,] -0.40486926 -3.3732173 -1.027878
 [8,] -1.03924356 -1.0413434 -1.371911
 [9,] -1.09466793 -0.3272346 -3.410753
[10,]  0.00000000  0.0000000  0.000000
[1] ""
[1] "Test for all-silh :"
 [1] -10.648999  -9.879374  -9.857893  -9.525637  -8.318123  -5.809027
 [7]  -1.900231  -1.168866  -1.959939   0.000000
[1] ""
[1] "Test for distr :"
            [,1]       [,2]       [,3]
 [1,]       -Inf       -Inf  -6.371493
 [2,]       -Inf -38.058556 -12.332362
 [3,]       -Inf -22.292919  -5.555851
 [4,] -33.788859 -21.277445  -6.666639
 [5,] -13.922409  -9.218511  -4.956930
 [6,] -15.386199  -5.933053  -3.357221
 [7,]  -6.229349  -3.179735  -2.523370
 [8,]  -2.218003  -2.416251  -1.429171
 [9,]  -1.445269  -1.254683  -1.060997
[10,]   0.000000   0.000000   0.000000
[1] ""
[1] "Test for contour :"
            [,1]        [,2]        [,3]
 [1,] -4.1351666        -Inf        -Inf
 [2,] -3.6496587        -Inf        -Inf
 [3,] -0.5412848        -Inf        -Inf
 [4,] -1.4524342        -Inf        -Inf
 [5,] -2.1037342        -Inf        -Inf
 [6,] -6.2146081 -2.34340709 -5.52146092
 [7,] -1.3093333 -0.78965808 -1.93794198
 [8,] -2.2072749 -1.82015894 -0.35953618
 [9,] -1.2658482 -1.91054301 -0.04709161
[10,]  0.0000000 -0.01207258 -0.16723592
[1] ""
[1] "Test for global-kde :"
             [,1]       [,2]       [,3]
 [1,] -11.7595271 -7.4384479 -3.6312038
 [2,]  -6.0620583 -5.7938358 -3.1802060
 [3,]  -5.7484337 -3.9538554 -2.6096720
 [4,]  -4.3536788 -3.5523063 -2.4182468
 [5,]  -2.5786658 -2.2690978 -1.6365592
 [6,]  -1.6566985 -1.4258145 -1.3523043
 [7,]  -1.2124644 -1.2645760 -0.9661008
 [8,]  -0.8843339 -0.9203607 -0.8528005
 [9,]  -0.7910313 -0.7740441 -0.6800152
[10,]  -0.2290973 -0.2485662 -0.2109180
[1] ""
[1] "--------------------------------"
