[1] "--------------------------------"
[1] "Test for euler :"
 [1] -17.0272155 -20.9473966 -14.4700734 -10.2205038  -7.6905546  -8.3575231
 [7]  -6.2630682  -5.9542159  -0.1059824   0.0000000
[1] ""
[1] "Test for indiv_silh :"
             [,1]       [,2]        [,3]
 [1,] -2.19105835 -13.744624 -4.17890644
 [2,] -1.51982465 -13.639251 -0.57624529
 [3,] -0.92309704 -12.842612 -0.53346608
 [4,] -0.32468657 -11.945834 -0.05464289
 [5,] -0.47316575 -11.610324 -1.33068887
 [6,] -0.01952051  -8.666957 -2.54991393
 [7,] -0.50991694  -7.180928 -0.49512972
 [8,] -1.14714683  -1.339778 -3.30327652
 [9,] -1.13448322  -1.871358 -2.57570069
[10,]  0.00000000   0.000000  0.00000000
[1] ""
[1] "Test for all-silh :"
 [1] -18.103938 -18.171243 -16.675270 -14.352091 -11.647786 -11.416958
 [7]  -8.295199  -3.804561  -1.263644   0.000000
[1] ""
[1] "Test for distr :"
             [,1]       [,2]        [,3]
 [1,]        -Inf       -Inf -15.4223548
 [2,]        -Inf       -Inf -17.2383631
 [3,]        -Inf       -Inf -12.7978805
 [4,] -36.1490139 -29.083812 -10.1634246
 [5,] -27.3130977 -17.652195  -5.2323579
 [6,]  -9.3321375  -9.096439  -3.9765500
 [7,]  -4.6985852  -4.874853  -3.3490498
 [8,]  -2.8436917  -1.989309  -2.1777029
 [9,]  -0.9612806  -1.472919  -0.9727979
[10,]   0.0000000   0.000000   0.0000000
[1] ""
[1] "Test for contour :"
           [,1]         [,2]       [,3]
 [1,] -2.024953         -Inf       -Inf
 [2,] -1.331806         -Inf       -Inf
 [3,] -2.364460         -Inf       -Inf
 [4,] -1.579879         -Inf       -Inf
 [5,] -5.521461         -Inf       -Inf
 [6,] -2.207275 -4.017383521       -Inf
 [7,] -3.912023 -2.688247574 -3.7297014
 [8,] -4.828314 -0.638658995 -0.0597500
 [9,] -1.210662 -0.006018072 -2.0874737
[10,]  0.000000 -0.014098924 -0.1301087
[1] ""
[1] "Test for global-kde :"
             [,1]        [,2]       [,3]
 [1,] -10.8279575 -13.0778695 -5.5252154
 [2,]  -8.2146639  -8.2103080 -4.6976649
 [3,]  -5.0444752  -6.3801590 -3.8477613
 [4,]  -3.9885104  -4.3139244 -2.7869519
 [5,]  -2.7595339  -3.0722971 -1.9637195
 [6,]  -1.7361513  -1.8701690 -1.4914371
 [7,]  -1.1295165  -1.2280729 -0.9752110
 [8,]  -0.9271267  -0.8826553 -0.8178729
 [9,]  -0.7171112  -0.7930908 -0.7299664
[10,]  -0.2184607  -0.2519656 -0.2199361
[1] ""
[1] "--------------------------------"
