[1] "--------------------------------"
[1] "Test for euler :"
 [1] -16.3391327 -16.2625561 -12.1287314 -12.2786683  -5.1626315  -6.3360571
 [7]  -3.2238883  -0.6463385  -0.6230372   0.0000000
[1] ""
[1] "Test for indiv_silh :"
             [,1]        [,2]         [,3]
 [1,] -0.09505752 -15.7756313 -2.024022833
 [2,] -0.20986630 -15.9683586 -1.107752988
 [3,] -1.39308380 -15.3343551 -0.009186135
 [4,] -1.42510792 -14.6371917 -0.287935078
 [5,] -0.32202044 -12.5605210 -0.336206436
 [6,] -0.94409127 -12.7917843 -1.047229300
 [7,] -0.55419202  -8.9221787 -0.271828485
 [8,] -0.27576438  -1.0163444 -0.304082444
 [9,] -0.41069865  -0.8965633 -0.121155167
[10,]  0.00000000   0.0000000  0.000000000
[1] ""
[1] "Test for all-silh :"
 [1] -18.2293486 -18.9208368 -16.1928792 -16.2216461 -11.4032370 -11.9351531
 [7]  -7.0261108  -0.2159191  -0.1366983   0.0000000
[1] ""
[1] "Test for distr :"
            [,1]       [,2]       [,3]
 [1,]       -Inf       -Inf -14.331524
 [2,]       -Inf       -Inf -10.919051
 [3,]       -Inf       -Inf  -7.558439
 [4,] -34.176993 -21.265621  -4.443509
 [5,] -17.106648 -10.937247  -4.410299
 [6,] -15.462829  -8.687019  -3.224854
 [7,]  -6.527346  -4.987779  -2.905627
 [8,]  -2.079590  -1.636917  -2.475096
 [9,]  -1.399471  -1.071973  -1.094264
[10,]   0.000000   0.000000   0.000000
[1] ""
[1] "Test for contour :"
            [,1]        [,2]       [,3]
 [1,] -2.9957323        -Inf       -Inf
 [2,] -2.2633644        -Inf       -Inf
 [3,] -0.3827256        -Inf       -Inf
 [4,] -1.5896353        -Inf       -Inf
 [5,] -0.5869870 -6.21460810       -Inf
 [6,] -2.3025851 -1.56064775 -6.2146081
 [7,] -0.8164454 -0.42159449 -3.3242363
 [8,] -1.4610179 -0.31471074 -0.7423374
 [9,] -0.1601688 -0.19358475 -1.7487000
[10,]  0.0000000 -0.02224561 -0.1210383
[1] ""
[1] "Test for global-kde :"
             [,1]        [,2]       [,3]
 [1,] -12.9745893 -12.0479090 -4.8856907
 [2,]  -9.5546146  -9.6557843 -3.9694216
 [3,]  -6.4428062  -5.8488844 -2.9544558
 [4,]  -3.7980521  -3.7348641 -2.1511155
 [5,]  -2.6788893  -2.6317466 -1.6625091
 [6,]  -1.7580324  -1.6219420 -1.2434689
 [7,]  -1.1844079  -1.1550553 -0.8731085
 [8,]  -0.9181630  -0.9790213 -0.9135373
 [9,]  -0.8214424  -0.8041341 -0.7950855
[10,]  -0.2291150  -0.2542987 -0.2152339
[1] ""
[1] "--------------------------------"
