[1] "--------------------------------"
[1] "Test for euler :"
 [1] -21.771659 -12.904366 -14.846441 -11.994116  -7.999979  -7.244780
 [7]  -3.560888  -1.585658  -2.508595   0.000000
[1] ""
[1] "Test for indiv_silh :"
            [,1]        [,2]        [,3]
 [1,] -2.4203733 -15.3768588 -3.26485585
 [2,] -2.4054847 -15.1055805 -1.85323852
 [3,] -1.1166957 -14.8814971 -1.62276056
 [4,] -1.2005751 -14.4891220 -0.31772820
 [5,] -0.7152571 -12.9652760 -1.16517737
 [6,] -1.0083419 -11.4379982 -2.12257114
 [7,] -0.9131739  -7.7463827 -0.13692673
 [8,] -0.7060503  -5.9764012 -0.65209158
 [9,] -0.6584938  -0.5951209 -0.04328068
[10,]  0.0000000   0.0000000  0.00000000
[1] ""
[1] "Test for all-silh :"
 [1] -19.2217146 -17.2733473 -16.8347075 -15.5352048 -13.5050461 -12.1364431
 [7]  -5.5867381  -4.5253306  -0.1184735   0.0000000
[1] ""
[1] "Test for distr :"
            [,1]       [,2]       [,3]
 [1,]       -Inf       -Inf -15.070086
 [2,]       -Inf -36.500412 -10.817139
 [3,]       -Inf -20.265043  -8.334833
 [4,] -36.611637 -29.340220  -8.958201
 [5,] -23.493593 -13.808842  -4.493672
 [6,]  -9.504516  -6.747010  -2.624927
 [7,]  -3.399286  -3.993949  -3.025747
 [8,]  -1.940935  -1.436670  -1.342758
 [9,]  -1.251141  -2.057466  -1.617414
[10,]   0.000000   0.000000   0.000000
[1] ""
[1] "Test for contour :"
              [,1]         [,2]       [,3]
 [1,] -5.115995810         -Inf       -Inf
 [2,] -3.324236341         -Inf       -Inf
 [3,] -2.120263536 -4.828313737       -Inf
 [4,] -1.505077897 -4.017383521       -Inf
 [5,] -2.407945609 -3.036554268       -Inf
 [6,] -5.521460918 -2.024953356 -5.1159958
 [7,] -2.551046452 -0.331285710 -1.7957675
 [8,] -2.071473372 -0.418550348 -1.1208579
 [9,] -0.759286983 -0.164874643 -1.4610179
[10,] -0.002002003 -0.006018072 -0.2008929
[1] ""
[1] "Test for global-kde :"
            [,1]       [,2]       [,3]
 [1,] -9.4539744 -8.7783875 -4.6816446
 [2,] -5.9165590 -5.2985403 -3.2401979
 [3,] -5.0387977 -3.9481360 -2.6699986
 [4,] -3.5101624 -3.2338060 -2.0142323
 [5,] -2.2418459 -2.1456890 -1.5120017
 [6,] -1.4840236 -1.4918737 -1.1306096
 [7,] -1.0504467 -1.0714369 -1.0137794
 [8,] -0.8668255 -0.7376577 -0.7336658
 [9,] -0.7977591 -0.8356958 -0.7752618
[10,] -0.2284538 -0.2581784 -0.2146877
[1] ""
[1] "--------------------------------"
