[1] "--------------------------------"
[1] "Test for euler :"
 [1] -14.666953 -19.668564 -18.680323 -13.418480  -8.435021  -5.783629
 [7]  -4.735295  -3.503959  -1.294616   0.000000
[1] ""
[1] "Test for indiv_silh :"
            [,1]        [,2]       [,3]
 [1,] -2.3334279 -14.7808467 -4.1220816
 [2,] -6.8606925 -14.8639043 -2.0198080
 [3,] -1.6429792 -14.6639772 -1.4168415
 [4,] -2.2140655 -13.6858384 -1.0904660
 [5,] -1.7308773 -13.9269472 -2.5234677
 [6,] -0.6481835 -11.4536810 -0.4342332
 [7,] -1.7290127  -5.7608241 -0.3785842
 [8,] -0.4743649  -3.4775480 -0.1854983
 [9,] -0.8585238  -0.7023425 -0.9507831
[10,]  0.0000000   0.0000000  0.0000000
[1] ""
[1] "Test for all-silh :"
 [1] -19.8074748 -22.2499397 -17.6849513 -15.7794454 -14.7505176 -11.4262092
 [7]  -5.9872517  -2.4153620  -0.6887849   0.0000000
[1] ""
[1] "Test for distr :"
            [,1]       [,2]       [,3]
 [1,]       -Inf       -Inf -17.336944
 [2,]       -Inf       -Inf -13.582493
 [3,]       -Inf -34.454418  -8.323191
 [4,] -32.844980 -26.087343  -6.805034
 [5,] -18.349450 -13.373894  -4.353874
 [6,] -12.401925  -7.680546  -3.777213
 [7,]  -4.691979  -3.508589  -2.716191
 [8,]  -2.639786  -2.437871  -2.153623
 [9,]  -1.855466  -2.501957  -1.511662
[10,]   0.000000   0.000000   0.000000
[1] ""
[1] "Test for contour :"
            [,1]         [,2]       [,3]
 [1,]       -Inf         -Inf       -Inf
 [2,] -6.2146081         -Inf       -Inf
 [3,] -2.2256241         -Inf       -Inf
 [4,] -1.6296406         -Inf       -Inf
 [5,] -2.2256241 -5.521460918       -Inf
 [6,]       -Inf -3.912023005       -Inf
 [7,]       -Inf -3.218875825 -2.7806209
 [8,] -5.1159958 -1.551169004 -4.0173835
 [9,] -0.2131932 -1.158362293 -0.3396774
[10,]  0.0000000 -0.006018072 -0.1554849
[1] ""
[1] "Test for global-kde :"
             [,1]       [,2]       [,3]
 [1,] -11.9103022 -9.7133364 -5.0823381
 [2,]  -7.4916237 -6.0671556 -4.2579651
 [3,]  -5.7987342 -4.7997932 -3.1017535
 [4,]  -4.1063132 -3.2956178 -2.6915351
 [5,]  -2.5025417 -2.2964590 -1.8950346
 [6,]  -1.7500701 -1.5666162 -1.6375986
 [7,]  -1.0121109 -1.1863552 -1.1729427
 [8,]  -0.8929812 -1.0194279 -1.0679343
 [9,]  -0.8112723 -0.8914134 -0.8088527
[10,]  -0.2184334 -0.2568869 -0.2065999
[1] ""
[1] "--------------------------------"
