[1] "--------------------------------"
[1] "Test for euler :"
 [1] -17.35698940 -11.69084738 -14.50781311 -11.51185445  -9.93969544
 [6]  -4.87243550  -5.27609452  -0.01114695  -0.14362992   0.00000000
[1] ""
[1] "Test for indiv_silh :"
            [,1]        [,2]       [,3]
 [1,] -1.6151900 -16.0164813 -2.6426113
 [2,] -1.2517581 -15.0910871 -2.9207791
 [3,] -0.3540865 -15.0860881 -1.3311518
 [4,] -0.4370916 -14.4917545 -2.2532626
 [5,] -0.3497662 -12.8254690 -1.1002403
 [6,] -0.2153355 -12.5475669 -1.1920186
 [7,] -0.3755219  -6.1186373 -0.6167074
 [8,] -0.5882998  -4.5496420 -0.2908076
 [9,] -0.1301176  -0.6595607 -0.7380490
[10,]  0.0000000   0.0000000  0.0000000
[1] ""
[1] "Test for all-silh :"
 [1] -19.1336282 -16.7384460 -17.0880638 -14.8195507 -12.9011311 -11.8755707
 [7]  -4.0285878  -3.2892262  -0.1004611   0.0000000
[1] ""
[1] "Test for distr :"
            [,1]       [,2]       [,3]
 [1,]       -Inf       -Inf -14.786555
 [2,]       -Inf       -Inf -13.491768
 [3,]       -Inf -35.285968  -8.770590
 [4,] -37.142266 -25.453249  -6.870087
 [5,] -20.387059 -13.942244  -3.522377
 [6,] -11.673847  -8.025536  -2.425564
 [7,]  -6.046834  -4.300285  -2.452549
 [8,]  -2.414829  -2.872064  -1.231652
 [9,]  -1.669692  -1.855343  -1.686948
[10,]   0.000000   0.000000   0.000000
[1] ""
[1] "Test for contour :"
            [,1]        [,2]       [,3]
 [1,] -3.1235656        -Inf       -Inf
 [2,] -2.6882476        -Inf       -Inf
 [3,] -1.3318062        -Inf       -Inf
 [4,] -0.3538219 -5.11599581       -Inf
 [5,] -1.8078889 -6.21460810       -Inf
 [6,] -3.2188758 -3.27016912       -Inf
 [7,] -2.8824036 -2.65926004 -4.2686979
 [8,] -1.5798791 -2.99573227 -1.5994876
 [9,] -0.3856625 -0.33407511 -2.5510465
[10,]  0.0000000 -0.01207258 -0.1719753
[1] ""
[1] "Test for global-kde :"
             [,1]       [,2]       [,3]
 [1,] -12.1436182 -8.8860139 -4.7485299
 [2,]  -6.7387987 -7.0881216 -4.2217556
 [3,]  -5.5431994 -4.9032488 -3.0603745
 [4,]  -4.1115883 -3.4492782 -2.1898153
 [5,]  -2.4418397 -2.3166236 -1.7623533
 [6,]  -1.6347271 -1.5498294 -1.4780446
 [7,]  -1.1213117 -1.1488976 -1.0353659
 [8,]  -0.8768124 -0.9075953 -0.8668403
 [9,]  -0.7780523 -0.7630773 -0.7023607
[10,]  -0.2351957 -0.2578742 -0.2167857
[1] ""
[1] "--------------------------------"
