[1] "--------------------------------"
[1] "Test for euler :"
 [1] -15.1674821 -17.7721687 -11.8699516 -10.7592394  -4.8309931  -6.1842443
 [7]  -5.7106363  -0.1571297  -0.5111411   0.0000000
[1] ""
[1] "Test for indiv_silh :"
             [,1]        [,2]        [,3]
 [1,] -2.85260017 -14.7400864 -2.23443277
 [2,] -3.05386499 -14.4556649 -0.01407541
 [3,] -1.84491442 -14.6368298 -0.68506475
 [4,] -2.27076709 -13.4109889 -0.62083486
 [5,] -0.07016703 -12.9383763 -0.44303501
 [6,] -1.57260779 -10.8187624 -0.43281588
 [7,] -1.34105956  -8.2870663 -0.11196690
 [8,] -0.20164162  -2.9299749 -1.38946633
 [9,] -0.23300189  -0.4363521 -0.11976224
[10,]  0.00000000   0.0000000  0.00000000
[1] ""
[1] "Test for all-silh :"
 [1] -17.56186082 -16.87739392 -16.07582741 -14.20933289 -11.98036474
 [6] -11.32664301  -6.31368767  -2.56883785  -0.03299644   0.00000000
[1] ""
[1] "Test for distr :"
            [,1]       [,2]       [,3]
 [1,]       -Inf       -Inf -15.939508
 [2,]       -Inf       -Inf -12.709956
 [3,] -35.062824 -23.905947  -9.024354
 [4,]       -Inf -31.442491  -9.901890
 [5,] -19.610641  -9.690485  -5.185605
 [6,] -12.009445  -7.420554  -3.644098
 [7,]  -4.079873  -3.619915  -2.186586
 [8,]  -1.698201  -1.732683  -1.270470
 [9,]  -1.491871  -1.261683  -1.376230
[10,]   0.000000   0.000000   0.000000
[1] ""
[1] "Test for contour :"
            [,1]         [,2]       [,3]
 [1,] -4.6051702         -Inf       -Inf
 [2,] -1.7837913         -Inf       -Inf
 [3,] -1.8201589         -Inf       -Inf
 [4,] -0.9888614         -Inf       -Inf
 [5,] -2.3859667         -Inf       -Inf
 [6,] -1.6607312 -4.605170186       -Inf
 [7,] -0.3147107 -4.268697949 -1.3547957
 [8,] -3.7297014 -2.688247574 -1.6296406
 [9,] -1.3625778 -0.497580397 -0.7174399
[10,]  0.0000000 -0.002002003 -0.0965109
[1] ""
[1] "Test for global-kde :"
             [,1]        [,2]       [,3]
 [1,] -10.6197063 -11.1353836 -5.3355678
 [2,]  -7.2446565  -6.7965455 -4.2205053
 [3,]  -4.7854412  -4.3814923 -2.8441345
 [4,]  -4.1706364  -4.3437380 -2.8281353
 [5,]  -2.3857847  -2.7090206 -1.8991317
 [6,]  -1.5342632  -1.8035567 -1.4670145
 [7,]  -1.1119913  -1.1426956 -0.8771835
 [8,]  -0.7675313  -0.7923258 -0.8973032
 [9,]  -0.8013833  -0.7091234 -0.8298526
[10,]  -0.2330760  -0.2491285 -0.2174034
[1] ""
[1] "--------------------------------"
