[1] "--------------------------------"
[1] "Test for euler :"
 [1] -14.432409854 -10.079278015 -11.375444026  -5.324850364  -3.691802260
 [6]  -4.776104968  -2.128440228  -0.871604767  -0.001171615   0.000000000
[1] ""
[1] "Test for indiv_silh :"
            [,1]       [,2]       [,3]
 [1,] -0.7787505 -19.771078 -4.9412271
 [2,] -0.0874332 -19.768723 -2.8285099
 [3,] -0.8238578 -19.342792 -1.5637760
 [4,] -0.2860177 -18.679485 -2.3047266
 [5,] -0.7136737 -18.685569 -1.1818246
 [6,] -1.0554154 -16.217683 -1.7769928
 [7,] -0.3375288 -15.319411 -2.0704485
 [8,] -0.2641846  -6.229577 -2.1298283
 [9,] -1.1660266  -2.005767 -0.5532207
[10,]  0.0000000   0.000000  0.0000000
[1] ""
[1] "Test for all-silh :"
 [1] -26.0305270 -24.9656733 -21.9264669 -21.0747378 -16.5787827 -18.1407698
 [7] -15.1790651  -4.9101741  -0.9893763   0.0000000
[1] ""
[1] "Test for distr :"
            [,1]       [,2]       [,3]
 [1,]       -Inf       -Inf -10.711497
 [2,]       -Inf       -Inf -11.863038
 [3,]       -Inf -31.970079  -8.968182
 [4,] -30.207674 -25.943232  -3.808334
 [5,] -16.013761 -13.295694  -4.207039
 [6,]  -9.936443  -5.126555  -2.784464
 [7,]  -2.907551  -2.105311  -2.251394
 [8,]  -2.042011  -1.774092  -1.587603
 [9,]  -1.868296  -1.699381  -1.715623
[10,]   0.000000   0.000000   0.000000
[1] ""
[1] "Test for contour :"
            [,1]        [,2]        [,3]
 [1,] -3.9120230        -Inf        -Inf
 [2,] -4.6051702        -Inf        -Inf
 [3,] -3.5065579        -Inf        -Inf
 [4,] -1.0161111        -Inf        -Inf
 [5,] -2.6592600        -Inf        -Inf
 [6,] -0.9014021        -Inf        -Inf
 [7,] -4.2686979 -3.21887582 -2.95651156
 [8,] -2.5257286 -0.50087529 -2.63108916
 [9,] -1.1907276 -1.04982212 -1.33180618
[10,]  0.0000000 -0.01409892 -0.09211529
[1] ""
[1] "Test for global-kde :"
             [,1]       [,2]       [,3]
 [1,] -11.4300008 -9.4700654 -4.0324025
 [2,]  -7.9670889 -8.7440189 -3.8972926
 [3,]  -4.6160652 -4.7442935 -3.1280936
 [4,]  -3.4342043 -3.2854699 -2.5514744
 [5,]  -2.2906868 -2.2798972 -1.7290986
 [6,]  -1.6800626 -1.6298917 -1.3429135
 [7,]  -1.0354370 -1.0259314 -0.9690333
 [8,]  -0.8692549 -0.9015379 -0.9455568
 [9,]  -0.8150192 -0.8144303 -0.8026220
[10,]  -0.2232580 -0.2540008 -0.2024965
[1] ""
[1] "--------------------------------"
