[1] "--------------------------------"
[1] "Test for euler :"
 [1] -20.0482507 -19.5590884 -13.9629817 -12.1961496 -14.4893589  -3.2937334
 [7]  -4.7168734  -0.4720511  -4.2062636   0.0000000
[1] ""
[1] "Test for indiv_silh :"
             [,1]       [,2]        [,3]
 [1,] -5.11423412 -15.168413 -1.89078470
 [2,] -8.96159431 -14.406554 -0.92215294
 [3,] -1.62558224 -13.454598 -1.05368955
 [4,] -3.47953317 -13.752180 -0.33242017
 [5,] -0.17812339 -13.205901 -0.68136812
 [6,] -2.19826986 -10.666006 -1.60460898
 [7,] -0.10302797  -6.500281 -0.06729893
 [8,] -0.05598677  -3.317188 -0.50826352
 [9,] -2.22413361  -1.860329 -0.37122247
[10,]  0.00000000   0.000000  0.00000000
[1] ""
[1] "Test for all-silh :"
 [1] -18.157387 -17.531516 -13.982221 -15.301245 -13.340165  -9.875174
 [7]  -4.250144  -1.523054  -1.747806   0.000000
[1] ""
[1] "Test for distr :"
            [,1]       [,2]       [,3]
 [1,]       -Inf       -Inf -14.631940
 [2,]       -Inf       -Inf -11.204471
 [3,]       -Inf       -Inf  -7.185146
 [4,]       -Inf -32.313952  -6.154147
 [5,] -22.204752 -15.235736  -3.177449
 [6,] -12.400176  -5.743998  -4.716116
 [7,]  -9.408223  -4.708348  -2.134234
 [8,]  -2.148495  -1.616390  -1.612835
 [9,]  -1.638127  -1.671579  -1.101753
[10,]   0.000000   0.000000   0.000000
[1] ""
[1] "Test for contour :"
            [,1]        [,2]        [,3]
 [1,] -4.0173835        -Inf        -Inf
 [2,] -5.1159958        -Inf        -Inf
 [3,] -3.2188758        -Inf        -Inf
 [4,] -3.6496587 -6.21460810        -Inf
 [5,]       -Inf -4.26869795        -Inf
 [6,] -4.4228486        -Inf        -Inf
 [7,] -3.3813948 -0.72154666        -Inf
 [8,] -6.2146081 -0.16960278 -0.56211892
 [9,] -0.8818893 -0.04709161 -0.25102875
[10,]  0.0000000 -0.01005034 -0.08555789
[1] ""
[1] "Test for global-kde :"
             [,1]        [,2]       [,3]
 [1,] -11.4508210 -11.4031043 -4.4693387
 [2,]  -8.8539162  -7.7797242 -3.5636635
 [3,]  -6.1163936  -5.7994456 -2.9220221
 [4,]  -4.3009653  -4.1504107 -2.1951848
 [5,]  -2.3099669  -2.5630849 -1.7889006
 [6,]  -1.4767384  -1.5669837 -1.3412514
 [7,]  -1.0996693  -1.1862322 -1.0501475
 [8,]  -0.7805821  -0.7951988 -0.9102197
 [9,]  -0.8112106  -0.7754663 -0.7562225
[10,]  -0.2157843  -0.2478020 -0.2127904
[1] ""
[1] "--------------------------------"
