[1] "--------------------------------"
[1] "Test for euler :"
 [1] -19.325883 -19.287889 -19.642390 -12.636546 -15.614614 -12.145383
 [7]  -4.020185  -3.402754  -1.187082   0.000000
[1] ""
[1] "Test for indiv_silh :"
             [,1]        [,2]        [,3]
 [1,] -5.82930438 -15.4444663 -2.29954504
 [2,] -6.45353721 -15.5199787 -2.19976351
 [3,] -3.26824859 -15.1725091 -1.65937530
 [4,] -0.38587651 -14.4337988 -1.88722345
 [5,] -1.40021247 -14.0973401 -1.79763561
 [6,] -0.05913301 -11.1050908 -0.85752445
 [7,] -1.50103518 -10.7480225 -1.27701588
 [8,] -0.59418733  -1.9200512 -1.04539584
 [9,] -0.03478044  -0.8244435 -0.06069704
[10,]  0.00000000   0.0000000  0.00000000
[1] ""
[1] "Test for all-silh :"
 [1] -18.6704443 -18.9986556 -17.2342937 -15.0857292 -14.6075728  -9.8636431
 [7]  -9.3121204  -0.9572749  -0.1048118   0.0000000
[1] ""
[1] "Test for distr :"
            [,1]       [,2]       [,3]
 [1,]       -Inf       -Inf -16.103881
 [2,]       -Inf       -Inf -13.298170
 [3,]       -Inf -31.719962 -10.305914
 [4,]       -Inf -17.258437  -7.872894
 [5,] -16.664995 -10.051414  -4.861588
 [6,]  -8.340838  -3.179053  -3.771814
 [7,]  -4.062830  -3.044144  -1.844572
 [8,]  -3.078544  -1.636093  -1.676647
 [9,]  -1.563587  -1.881667  -2.259452
[10,]   0.000000   0.000000   0.000000
[1] ""
[1] "Test for contour :"
            [,1]         [,2]       [,3]
 [1,] -4.6051702         -Inf       -Inf
 [2,] -2.6310892         -Inf       -Inf
 [3,] -1.5896353         -Inf       -Inf
 [4,] -4.2686979         -Inf       -Inf
 [5,] -2.5010360         -Inf       -Inf
 [6,] -4.4228486 -4.268697949 -6.2146081
 [7,] -5.1159958 -0.481266822 -2.8134107
 [8,] -2.4769385 -3.381394754 -1.9661129
 [9,] -0.6539265 -0.468404908 -0.7256704
[10,]  0.0000000 -0.006018072 -0.1911605
[1] ""
[1] "Test for global-kde :"
             [,1]       [,2]       [,3]
 [1,] -10.6113633 -9.5655113 -5.1302376
 [2,]  -8.5015481 -7.2800611 -5.0133811
 [3,]  -6.7365011 -5.0981875 -3.8357289
 [4,]  -3.9876892 -3.7772414 -3.1045953
 [5,]  -2.2043929 -2.3491458 -1.8758641
 [6,]  -1.4398981 -1.5930870 -1.3414527
 [7,]  -0.9398882 -1.0729225 -1.0907966
 [8,]  -0.8526006 -0.8145186 -0.8875009
 [9,]  -0.8114760 -0.8327145 -0.8754174
[10,]  -0.2097089 -0.2579400 -0.2042899
[1] ""
[1] "--------------------------------"
