[1] "--------------------------------"
[1] "Test for euler :"
 [1] -11.21811172 -16.13051483  -8.55018229  -9.68559703  -1.89203383
 [6]  -2.52976914  -0.73202181  -0.08472363  -1.48204737   0.00000000
[1] ""
[1] "Test for indiv_silh :"
            [,1]        [,2]       [,3]
 [1,] -2.4652673 -16.8159810 -3.4805355
 [2,] -2.3498414 -16.4768389 -6.9554559
 [3,] -1.8440868 -15.9551507 -2.4850266
 [4,] -0.1842846 -16.2950826 -5.4973260
 [5,] -1.1551576 -14.1837900 -6.9703415
 [6,] -1.1142794 -13.0763806 -2.3843742
 [7,] -0.5179713  -9.8008226 -0.9980358
 [8,] -0.2828197  -2.8472303 -0.5691728
 [9,] -1.4623677  -0.4656988 -2.5096538
[10,]  0.0000000   0.0000000  0.0000000
[1] ""
[1] "Test for all-silh :"
 [1] -19.373004 -19.174517 -17.560831 -16.312050 -14.120470 -12.210966
 [7]  -7.214466  -1.309374  -1.404817   0.000000
[1] ""
[1] "Test for distr :"
            [,1]       [,2]       [,3]
 [1,]       -Inf       -Inf -15.402821
 [2,]       -Inf       -Inf -11.553565
 [3,]       -Inf -35.154391  -9.613232
 [4,] -29.805264 -14.497247  -8.321897
 [5,] -20.302935 -12.483020  -4.732098
 [6,]  -6.284796  -3.960163  -2.812055
 [7,]  -5.334549  -4.642944  -1.607273
 [8,]  -2.685628  -1.606397  -1.787071
 [9,]  -1.125823  -1.374074  -1.465038
[10,]   0.000000   0.000000   0.000000
[1] ""
[1] "Test for contour :"
           [,1]        [,2]        [,3]
 [1,] -3.729701        -Inf        -Inf
 [2,] -1.152013        -Inf        -Inf
 [3,] -1.771957        -Inf        -Inf
 [4,] -0.877070 -5.11599581        -Inf
 [5,] -1.783791 -6.21460810        -Inf
 [6,] -4.605170        -Inf        -Inf
 [7,]      -Inf -2.45340798 -5.52146092
 [8,] -1.682009 -0.44005655 -0.13467490
 [9,] -2.343407 -0.15082289 -0.07257069
[10,]  0.000000 -0.01409892 -0.07688104
[1] ""
[1] "Test for global-kde :"
             [,1]       [,2]       [,3]
 [1,] -10.3737364 -8.0254690 -4.3757409
 [2,]  -8.1442091 -7.5578464 -3.8165667
 [3,]  -5.1753912 -4.3702127 -2.9474800
 [4,]  -3.7466422 -3.0739734 -2.1060554
 [5,]  -2.2015609 -1.9252319 -1.5203873
 [6,]  -1.5045133 -1.3460635 -1.2544160
 [7,]  -1.1217058 -1.0425547 -1.0931544
 [8,]  -0.9121784 -0.8545502 -0.8740338
 [9,]  -0.7772051 -0.7839070 -0.7815442
[10,]  -0.2298074 -0.2588057 -0.2093207
[1] ""
[1] "--------------------------------"
