[1] "--------------------------------"
[1] "Test for euler :"
 [1] -15.7284595 -14.1043196 -10.2398081  -7.9243441  -9.2920385  -6.6335136
 [7]  -1.0762105  -0.3822598  -1.1340957   0.0000000
[1] ""
[1] "Test for indiv_silh :"
             [,1]        [,2]        [,3]
 [1,] -2.23296494 -17.8421648 -1.71886572
 [2,] -0.40972271 -17.9329286 -0.31665512
 [3,] -0.06181204 -17.1106609 -0.49921690
 [4,] -0.55980236 -18.0078442 -0.14233507
 [5,] -0.51453612 -13.9797634 -0.08327461
 [6,] -1.65054587 -12.7287334 -0.28647048
 [7,] -0.04490345  -7.1665486 -0.28613450
 [8,] -1.36539285  -0.4457078 -1.11498578
 [9,] -0.03220656  -2.2469906 -3.01328509
[10,]  0.00000000   0.0000000  0.00000000
[1] ""
[1] "Test for all-silh :"
 [1] -20.8501280 -21.3028315 -19.7026288 -18.9320074 -13.2319495 -11.3532158
 [7]  -5.1605001  -0.7428795  -2.2453988   0.0000000
[1] ""
[1] "Test for distr :"
             [,1]       [,2]       [,3]
 [1,]        -Inf       -Inf -13.757206
 [2,]        -Inf       -Inf -12.228163
 [3,]        -Inf -38.346238 -10.321697
 [4,]        -Inf -18.655219  -7.969218
 [5,] -27.8799023 -22.395832  -7.528394
 [6,]  -9.5667583  -5.498204  -4.092095
 [7,]  -6.0375910  -4.244684  -2.390767
 [8,]  -2.4495913  -2.161996  -1.604928
 [9,]  -0.7428857  -1.355983  -1.125100
[10,]   0.0000000   0.000000   0.000000
[1] ""
[1] "Test for contour :"
            [,1]         [,2]       [,3]
 [1,]       -Inf         -Inf       -Inf
 [2,]       -Inf         -Inf       -Inf
 [3,] -5.1159958 -6.214608098       -Inf
 [4,] -3.5755508         -Inf       -Inf
 [5,] -1.7487000         -Inf       -Inf
 [6,] -3.3813948 -1.102620310       -Inf
 [7,] -3.0365543 -2.322787800 -4.8283137
 [8,] -0.6655320 -1.435484605 -1.8578993
 [9,] -0.7052198 -0.174353387  0.0000000
[10,]  0.0000000 -0.008032172 -0.1578241
[1] ""
[1] "Test for global-kde :"
             [,1]        [,2]       [,3]
 [1,] -11.1895195 -10.3733259 -4.5962893
 [2,]  -8.2612278  -7.1408154 -4.4954497
 [3,]  -6.7082890  -5.2594286 -3.6790645
 [4,]  -3.7528197  -3.4874211 -2.5131892
 [5,]  -3.0565036  -3.0061185 -2.0575233
 [6,]  -1.6360905  -1.5130216 -1.4232189
 [7,]  -1.1607616  -1.1943256 -1.0941878
 [8,]  -0.8345387  -0.7772786 -0.8808714
 [9,]  -0.6835135  -0.7523767 -0.7421972
[10,]  -0.2247641  -0.2540598 -0.2155026
[1] ""
[1] "--------------------------------"
