[1] "--------------------------------"
[1] "Test for euler :"
 [1] -14.3600005 -12.2012407 -12.2090941  -9.2893640  -6.4617035  -3.7354996
 [7]  -0.1575726  -4.6845867  -1.3792937   0.0000000
[1] ""
[1] "Test for indiv_silh :"
            [,1]       [,2]        [,3]
 [1,] -1.3781460 -17.245308 -0.33042684
 [2,] -1.1282151 -17.155863 -0.53546914
 [3,] -0.1347178 -16.575336 -1.02289332
 [4,] -2.5128023 -15.268975 -0.08940545
 [5,] -0.2341513 -15.625566 -0.70019271
 [6,] -1.7957462 -12.630485 -0.30335634
 [7,] -1.2957006  -4.846646 -0.12911204
 [8,] -0.1275692  -3.703096 -0.51955357
 [9,] -0.1871923  -1.411161 -0.34269782
[10,]  0.0000000   0.000000  0.00000000
[1] ""
[1] "Test for all-silh :"
 [1] -20.6040205 -20.1012043 -18.0179731 -14.0371831 -14.0570404  -9.8188385
 [7]  -2.8693620  -2.2848625  -0.3780974   0.0000000
[1] ""
[1] "Test for distr :"
            [,1]       [,2]       [,3]
 [1,]       -Inf       -Inf -20.243840
 [2,]       -Inf       -Inf -15.129666
 [3,]       -Inf -39.444851  -8.608075
 [4,] -38.751704 -15.386985  -4.640519
 [5,] -25.312255 -13.693947  -4.386407
 [6,] -10.873263  -9.702292  -3.392856
 [7,]  -7.727506  -4.066881  -2.235467
 [8,]  -1.847933  -1.886752  -1.204800
 [9,]  -1.433902  -2.506473  -1.679487
[10,]   0.000000   0.000000   0.000000
[1] ""
[1] "Test for contour :"
            [,1]         [,2]       [,3]
 [1,] -5.5214609         -Inf       -Inf
 [2,] -1.9519282         -Inf       -Inf
 [3,] -0.5344355         -Inf       -Inf
 [4,] -0.7985077         -Inf       -Inf
 [5,] -1.0555528         -Inf       -Inf
 [6,] -1.8451602         -Inf       -Inf
 [7,] -2.1037342 -4.268697949 -2.7488722
 [8,]       -Inf -1.061316504 -0.2930297
 [9,] -2.3025851 -0.858021824 -0.7011794
[10,]  0.0000000 -0.002002003 -0.1323892
[1] ""
[1] "Test for global-kde :"
             [,1]        [,2]       [,3]
 [1,] -11.4837676 -10.2522037 -4.8836866
 [2,]  -7.0843503  -6.0434637 -4.0633731
 [3,]  -6.2696318  -5.3946315 -3.3492605
 [4,]  -4.2072073  -3.4345187 -2.2099191
 [5,]  -2.3932562  -2.5694343 -2.2108761
 [6,]  -1.4069460  -1.5217232 -1.3912410
 [7,]  -1.0752582  -1.0863478 -1.1627110
 [8,]  -0.8148133  -0.8804417 -0.9725507
 [9,]  -0.7143077  -0.8819569 -0.8766762
[10,]  -0.2267384  -0.2582710 -0.2165255
[1] ""
[1] "--------------------------------"
