[1] "--------------------------------"
[1] "Test for euler :"
 [1]  -0.6068203  -3.6705573 -14.1004324 -21.6593725 -24.8142754 -31.3272200
 [7] -31.1062737 -32.3105401 -34.2695189   0.0000000
[1] ""
[1] "Test for indiv-euler :"
              [,1]       [,2]       [,3]
 [1,]  -0.04094458  -1.698912  -1.646669
 [2,]  -3.36669655  -6.877087  -4.580314
 [3,] -14.59706135 -18.449203 -12.161965
 [4,] -24.67733925 -29.682223 -22.049565
 [5,] -31.48203141 -37.770453 -22.317827
 [6,] -37.76007443 -42.504696 -32.257891
 [7,] -40.52719961 -46.908975 -35.948310
 [8,] -44.31816577 -49.088790 -40.683937
 [9,] -47.22840824 -48.795804 -41.206931
[10,]   0.00000000   0.000000   0.000000
[1] ""
[1] "Test for all-euler :"
 [1]  -0.7265662  -4.6508369 -16.3948784 -28.5982358 -36.7368006        -Inf
 [7]        -Inf        -Inf        -Inf   0.0000000
[1] ""
[1] "Test for indiv_silh :"
            [,1]        [,2]        [,3]
 [1,] -1.0324720  -0.8529799 -0.07367229
 [2,] -1.7205361  -0.1908167 -0.20470202
 [3,] -0.2342252  -0.3976199 -0.08102663
 [4,] -3.9828382  -1.1529549 -0.57208140
 [5,] -3.0298304  -1.5379323 -0.42562976
 [6,] -6.0358532 -10.3469448 -0.92123057
 [7,] -8.6937454 -10.0780827 -0.28612555
 [8,] -6.0906950 -17.0677302 -0.53213271
 [9,] -5.7940280 -18.0794956 -2.45401704
[10,]  0.0000000   0.0000000  0.00000000
[1] ""
[1] "Test for all-silh :"
 [1]  -0.32072012  -0.66750544  -0.03154686  -2.34971682  -2.93188242
 [6] -12.97059449 -14.89486014 -20.07955030 -19.35167521   0.00000000
[1] ""
[1] "Test for silh-euler :"
 [1] -0.05078074 -0.34236741 -3.50225769 -6.91419060 -3.36227400 -4.07710733
 [7] -5.43402842 -0.19262718 -0.49144372  0.00000000
[1] ""
[1] "Test for contour :"
           [,1]       [,2]        [,3]
 [1,] -1.055553 -0.4155154 -0.07904321
 [2,] -2.364460 -1.4024237 -0.16016875
 [3,] -4.605170 -2.9187712 -4.26869795
 [4,]      -Inf -3.3813948        -Inf
 [5,] -6.214608       -Inf        -Inf
 [6,] -6.214608       -Inf        -Inf
 [7,]      -Inf       -Inf        -Inf
 [8,] -6.214608       -Inf        -Inf
 [9,] -2.577022       -Inf        -Inf
[10,]  0.000000  0.0000000  0.00000000
[1] ""
[1] "Test for global-kde :"
             [,1]       [,2]       [,3]
 [1,]  -0.7281407 -0.7634413 -0.7862221
 [2,]  -0.7820344 -0.8664449 -0.8209043
 [3,]  -0.9065755 -1.2162496 -0.9264345
 [4,]  -1.4831387 -1.4161432 -1.1609052
 [5,]  -2.4476011 -2.6001664 -1.7077599
 [6,]  -4.6546457 -3.8875797 -2.8121428
 [7,]  -6.5390603 -6.9534469 -2.9855388
 [8,]  -9.0771087 -6.8753769 -3.7621373
 [9,] -10.0564180 -7.5452059 -5.0582592
[10,]  -0.2143033 -0.2198623 -0.2498225
[1] ""
[1] "--------------------------------"
