[1] "--------------------------------"
[1] "Test for euler :"
 [1]  -2.194909 -10.100113 -23.484069 -27.357336 -33.377127 -47.062142
 [7] -40.925455 -47.039905 -49.937232   0.000000
[1] ""
[1] "Test for indiv-euler :"
            [,1]        [,2]        [,3]
 [1,]  -0.325481  -0.9268502  -0.4219716
 [2,]  -5.439096  -6.1367923  -2.2811723
 [3,] -15.435461 -18.3179603  -6.8911176
 [4,] -24.696836 -25.9340963 -15.6740638
 [5,] -26.998999 -31.5684946 -22.4450244
 [6,] -33.955981 -37.2836064 -30.1991166
 [7,] -38.956972 -42.4003233 -35.3339815
 [8,] -41.203559 -46.0338119 -38.4180638
 [9,] -40.827970 -49.5005707 -43.6147949
[10,]   0.000000   0.0000000   0.0000000
[1] ""
[1] "Test for all-euler :"
 [1]  -0.2722974  -5.0666811 -17.1953352 -28.0765465 -30.0010206        -Inf
 [7]        -Inf        -Inf        -Inf   0.0000000
[1] ""
[1] "Test for indiv_silh :"
             [,1]         [,2]      [,3]
 [1,] -0.01059638  -0.84406961 -1.207133
 [2,] -1.67689858  -1.19166678 -1.670406
 [3,] -2.64134907  -0.04473324 -1.886977
 [4,] -4.74025497  -0.81732142 -1.712862
 [5,] -3.97042079  -1.19918869 -0.282776
 [6,] -4.66483565  -8.32100531 -4.384598
 [7,] -8.25432653  -7.20915875 -3.547269
 [8,] -1.87028579 -13.90508556 -5.091107
 [9,] -2.80793851 -14.60415199 -3.558876
[10,]  0.00000000   0.00000000  0.000000
[1] ""
[1] "Test for all-silh :"
 [1]  -0.393517  -1.562587  -2.000281  -3.419676  -2.353432  -9.733776
 [7] -12.686573 -12.861531 -20.953914   0.000000
[1] ""
[1] "Test for silh-euler :"
 [1] -2.1315224 -0.8101764 -1.6586635 -4.9020354 -7.0819925 -1.1510610
 [7] -1.6809277 -2.1949081 -0.9674260  0.0000000
[1] ""
[1] "Test for contour :"
            [,1]      [,2]       [,3]
 [1,] -0.9623347 -1.951928 -0.6424541
 [2,] -0.8209806 -1.682009 -0.5175146
 [3,] -0.4780358 -1.120858 -2.4534080
 [4,] -1.7037486 -5.115996       -Inf
 [5,]       -Inf      -Inf       -Inf
 [6,]       -Inf      -Inf       -Inf
 [7,]       -Inf      -Inf       -Inf
 [8,]       -Inf      -Inf       -Inf
 [9,] -2.5010360      -Inf       -Inf
[10,]  0.0000000  0.000000  0.0000000
[1] ""
[1] "Test for global-kde :"
            [,1]        [,2]       [,3]
 [1,] -0.8558681  -0.9230728 -0.6938652
 [2,] -0.7987177  -0.7969794 -0.8039864
 [3,] -1.1601439  -0.9968794 -0.8735001
 [4,] -1.4640195  -1.6218210 -1.2857670
 [5,] -1.9870191  -2.2008297 -1.5951123
 [6,] -3.9747523  -3.6966906 -1.9324456
 [7,] -6.0266118  -5.6307941 -2.8800669
 [8,] -6.5771389  -6.4143464 -3.7818888
 [9,] -8.4238365 -10.4395715 -5.7263570
[10,] -0.2059525  -0.2182057 -0.2413109
[1] ""
[1] "--------------------------------"
