[1] "--------------------------------"
[1] "Test for euler :"
 [1]  -0.6094123 -12.5968819 -16.4836191 -27.9996125 -33.2314515 -36.1484727
 [7] -37.6884705 -39.7631856 -40.5083099   0.0000000
[1] ""
[1] "Test for indiv-euler :"
             [,1]         [,2]        [,3]
 [1,]  -0.5012035  -0.02275652  -0.1933816
 [2,]  -7.9309683  -7.93865306  -2.5602795
 [3,] -15.4075377 -19.53627299 -12.2347780
 [4,] -25.4687470 -26.63183678 -14.2877297
 [5,] -32.8544149 -32.79323796 -22.6020055
 [6,] -35.3586870 -39.99742749 -26.0909312
 [7,] -42.6010809 -44.95733556 -31.8282214
 [8,] -44.6047015 -47.94833640 -36.5425287
 [9,] -47.1316423 -49.22439923 -38.2940342
[10,]   0.0000000   0.00000000   0.0000000
[1] ""
[1] "Test for all-euler :"
 [1]  -0.08237504  -6.96594600 -15.79015562 -26.64990871 -34.53957599
 [6]         -Inf         -Inf         -Inf         -Inf   0.00000000
[1] ""
[1] "Test for indiv_silh :"
            [,1]        [,2]        [,3]
 [1,] -0.9091217  -1.0611363 -1.08462202
 [2,] -6.5006945  -0.9066304 -2.34425719
 [3,] -2.9914655  -0.1741937 -0.02228439
 [4,] -7.1850995  -0.5393832 -0.16098309
 [5,] -6.7912044  -0.6912936 -0.29016165
 [6,] -7.3459683  -3.1375339 -1.01061861
 [7,] -5.7998029 -13.6894092 -1.10652064
 [8,] -7.4381254 -13.7390202 -0.52005341
 [9,] -8.8931085 -24.0986433 -3.39247893
[10,]  0.0000000   0.0000000  0.00000000
[1] ""
[1] "Test for all-silh :"
 [1]  -0.6267906  -4.6878338  -1.3627632  -4.9003891  -7.0711101  -7.0873407
 [7] -13.9253293 -15.5529875 -23.2383762   0.0000000
[1] ""
[1] "Test for silh-euler :"
 [1] -1.0190564 -6.8931639 -4.1472225 -8.5763991 -8.8127852 -4.3457975
 [7] -1.7923256 -2.7409789 -0.5996004  0.0000000
[1] ""
[1] "Test for contour :"
            [,1]      [,2]       [,3]
 [1,] -0.5310283 -1.870803 -1.2310015
 [2,] -1.8708027 -2.364460 -0.3174542
 [3,]       -Inf -4.605170 -3.0365543
 [4,]       -Inf      -Inf       -Inf
 [5,]       -Inf      -Inf       -Inf
 [6,]       -Inf      -Inf       -Inf
 [7,]       -Inf      -Inf       -Inf
 [8,]       -Inf      -Inf       -Inf
 [9,] -3.7297014      -Inf       -Inf
[10,]  0.0000000  0.000000  0.0000000
[1] ""
[1] "Test for global-kde :"
            [,1]       [,2]       [,3]
 [1,] -0.7697754 -0.7633872 -0.7460992
 [2,] -0.8185395 -0.8437625 -0.8535361
 [3,] -1.2147805 -1.1495164 -1.0153399
 [4,] -1.3311513 -1.4370211 -1.0934455
 [5,] -2.5453747 -2.7185754 -2.0328655
 [6,] -3.3778007 -3.3335687 -2.4942924
 [7,] -5.3493369 -4.9242489 -3.1832555
 [8,] -6.0203715 -6.5349371 -4.3588882
 [9,] -7.4886300 -8.4200213 -5.2226357
[10,] -0.2144059 -0.2218900 -0.2345534
[1] ""
[1] "--------------------------------"
