[1] "--------------------------------"
[1] "Test for euler :"
 [1]  -0.409473  -5.222448 -13.564687 -22.312980 -27.253522 -30.027702
 [7] -32.870192 -34.477988 -36.284059   0.000000
[1] ""
[1] "Test for indiv-euler :"
             [,1]        [,2]        [,3]
 [1,]  -0.9233379  -0.9184516  -0.9831886
 [2,]  -3.2729455  -5.6544740  -1.1065804
 [3,] -12.3138147 -16.1324030  -9.6486234
 [4,] -21.7857353 -26.7980068 -22.8751441
 [5,] -26.4689068 -32.9400335 -27.2754945
 [6,] -35.4446272 -37.1821809 -33.6987610
 [7,] -37.6196116 -43.7380259 -36.3803724
 [8,] -41.6758925 -42.0902825 -39.6834921
 [9,] -43.3080480 -49.1235657 -46.1851205
[10,]   0.0000000   0.0000000   0.0000000
[1] ""
[1] "Test for all-euler :"
 [1]  -1.106035  -3.586664 -13.402958 -25.360176 -29.182466       -Inf
 [7]       -Inf       -Inf       -Inf   0.000000
[1] ""
[1] "Test for indiv_silh :"
             [,1]        [,2]       [,3]
 [1,] -2.81963793  -0.1315302 -3.3464540
 [2,] -0.05125951  -1.5581116 -0.1215058
 [3,] -1.50903000  -0.8412345 -0.1050336
 [4,] -3.41139754  -1.1804970 -0.6962007
 [5,] -3.64846243  -0.7294547 -0.2868598
 [6,] -4.40576202  -5.3748943 -1.6654019
 [7,] -5.53084299 -12.2323438 -0.9022070
 [8,] -5.92697067  -9.1972277 -4.7446197
 [9,] -3.88944673 -16.6381373 -0.6996898
[10,]  0.00000000   0.0000000  0.0000000
[1] ""
[1] "Test for all-silh :"
 [1]  -3.6304631  -0.4337102  -0.5735440  -2.4943268  -2.5212308  -6.2569509
 [7] -14.8696038 -15.7616191 -17.5225684   0.0000000
[1] ""
[1] "Test for silh-euler :"
 [1] -3.2155601 -1.7136078 -2.2232445 -3.7922001 -5.5873349 -2.7016077
 [7] -3.1141675 -0.9127951 -1.1267485  0.0000000
[1] ""
[1] "Test for contour :"
            [,1]       [,2]         [,3]
 [1,] -0.5378543 -1.3394108 -0.612489278
 [2,] -1.4105871 -0.8675006 -0.353821875
 [3,] -2.8473123 -4.1351666 -0.430782916
 [4,] -4.6051702       -Inf         -Inf
 [5,]       -Inf       -Inf         -Inf
 [6,]       -Inf       -Inf         -Inf
 [7,]       -Inf       -Inf         -Inf
 [8,]       -Inf       -Inf         -Inf
 [9,] -1.8201589       -Inf         -Inf
[10,]  0.0000000  0.0000000 -0.002002003
[1] ""
[1] "Test for global-kde :"
             [,1]        [,2]       [,3]
 [1,]  -0.7318317  -0.8974186 -0.8047222
 [2,]  -0.8087745  -0.9543584 -0.9026295
 [3,]  -1.1116117  -1.1408205 -1.0201152
 [4,]  -1.7107217  -1.7312453 -1.0018425
 [5,]  -2.3504613  -2.2435373 -1.5892845
 [6,]  -3.6333895  -3.6595164 -2.2511307
 [7,]  -5.3773439  -4.3626877 -3.1125275
 [8,]  -6.7591012  -6.9517480 -3.3996464
 [9,] -12.3308339 -10.1539014 -4.8769379
[10,]  -0.2261924  -0.2210407 -0.2334978
[1] ""
[1] "--------------------------------"
