[1] "--------------------------------"
[1] "Test for euler :"
 [1]  -2.358289 -11.426548 -19.495991 -24.539608 -38.354354 -41.591149
 [7] -44.899731 -43.358613 -46.625133   0.000000
[1] ""
[1] "Test for indiv-euler :"
             [,1]         [,2]        [,3]
 [1,]  -0.5505868  -0.07977422  -0.7448566
 [2,]  -3.7248096  -4.15727802  -3.8749133
 [3,] -15.1238803 -16.47281318 -11.9808493
 [4,] -22.3891119 -22.84632043 -28.3569818
 [5,] -28.0315425 -32.98822752 -31.0558258
 [6,] -32.8109016 -37.51655929 -33.6165477
 [7,] -37.5272837 -43.44321656 -47.5568265
 [8,] -41.1840163 -47.56043428 -43.0255517
 [9,] -40.8574239 -49.31347888 -46.5981403
[10,]   0.0000000   0.00000000   0.0000000
[1] ""
[1] "Test for all-euler :"
 [1]  -0.1718258  -3.3166040 -16.0328919 -29.0631124 -32.7294674        -Inf
 [7]        -Inf        -Inf        -Inf   0.0000000
[1] ""
[1] "Test for indiv_silh :"
            [,1]         [,2]       [,3]
 [1,] -0.6458721  -0.01559023 -1.9972169
 [2,] -2.4974761  -0.10944880 -0.6249202
 [3,] -6.7017266  -0.50545739 -0.2545792
 [4,] -4.4979996  -3.08077475 -0.7404642
 [5,] -5.4838931  -3.92322694 -0.2461043
 [6,] -6.6845446  -9.80302207 -0.1273911
 [7,] -5.5684028  -7.63728668 -0.2604082
 [8,] -5.8814858 -10.42732216 -0.6642646
 [9,] -6.0865394 -13.96888933 -0.5188593
[10,]  0.0000000   0.00000000  0.0000000
[1] ""
[1] "Test for all-silh :"
 [1]  -0.7419736  -0.9587050  -4.2499756  -3.3809454  -5.6458449  -9.8005439
 [7] -10.9868762 -14.1292508 -16.6353105   0.0000000
[1] ""
[1] "Test for silh-euler :"
 [1] -2.2014790 -2.7034308 -3.2294406 -5.4635750 -4.2409817 -4.8491066
 [7] -5.8167681 -2.5211980 -0.6144121  0.0000000
[1] ""
[1] "Test for contour :"
             [,1]        [,2]        [,3]
 [1,] -0.17673718 -0.01005034 -0.08773891
 [2,] -0.03459144 -0.22064667 -0.42464793
 [3,] -4.26869795 -1.53247687 -3.03655427
 [4,]        -Inf -3.64965874        -Inf
 [5,]        -Inf        -Inf        -Inf
 [6,] -5.52146092        -Inf        -Inf
 [7,]        -Inf        -Inf        -Inf
 [8,]        -Inf        -Inf        -Inf
 [9,] -5.52146092        -Inf        -Inf
[10,]  0.00000000  0.00000000  0.00000000
[1] ""
[1] "Test for global-kde :"
            [,1]       [,2]       [,3]
 [1,] -0.7055581 -0.7620818 -0.7498001
 [2,] -0.7407623 -0.7877505 -0.8391633
 [3,] -1.0177200 -1.0442102 -0.9764613
 [4,] -1.5877511 -1.4117632 -1.2385304
 [5,] -2.5527353 -2.3195037 -1.7759424
 [6,] -3.5140317 -3.3826287 -2.3281309
 [7,] -5.4308375 -5.2156998 -3.3945169
 [8,] -7.5573971 -6.8452744 -4.4419868
 [9,] -9.1859695 -9.2902377 -4.5532795
[10,] -0.2272938 -0.2152241 -0.2363264
[1] ""
[1] "--------------------------------"
