[1] "--------------------------------"
[1] "Test for euler :"
 [1]  -1.994485  -6.739307 -21.563666 -22.963449 -27.556501 -40.120387
 [7] -41.364579 -46.910334 -44.857616   0.000000
[1] ""
[1] "Test for indiv-euler :"
            [,1]        [,2]       [,3]
 [1,]  -1.370655  -0.3315722  -2.217869
 [2,]  -2.393286  -6.5373910  -2.106212
 [3,] -17.364053 -22.4914548  -8.431632
 [4,] -21.345430 -33.2048605 -15.596249
 [5,] -24.974194 -34.9008391 -19.972003
 [6,] -40.222114 -43.7394282 -25.557745
 [7,] -45.398286 -50.7940581 -33.354622
 [8,] -48.924113 -50.4757269 -34.980935
 [9,] -44.874626 -56.5394002 -35.792180
[10,]   0.000000   0.0000000   0.000000
[1] ""
[1] "Test for all-euler :"
 [1]  -1.451343  -4.482870 -26.095288 -31.706363 -34.657359       -Inf
 [7]       -Inf       -Inf       -Inf   0.000000
[1] ""
[1] "Test for indiv_silh :"
            [,1]        [,2]       [,3]
 [1,] -1.0188019  -0.6274847 -1.8085338
 [2,] -1.0871738  -0.2813703 -0.2495063
 [3,] -0.5503232  -0.1582787 -0.3699512
 [4,] -4.1667033  -0.1043646 -1.1012110
 [5,] -1.0345803  -6.0323515 -0.2555800
 [6,] -1.2374735  -8.9664930 -0.2562634
 [7,] -0.7428044 -15.3784418 -0.6040924
 [8,] -6.2913115 -15.3644102 -0.1605653
 [9,] -1.1857322 -12.4519842 -2.2485271
[10,]  0.0000000   0.0000000  0.0000000
[1] ""
[1] "Test for all-silh :"
 [1]  -0.8458042  -0.2138527  -0.1126016  -2.4329981  -4.7168558  -8.6960900
 [7] -13.3260411 -16.0372100 -13.0512216   0.0000000
[1] ""
[1] "Test for silh-euler :"
 [1] -0.3709540 -1.0101024 -3.9919989 -3.1359753 -3.4124908 -2.3803139
 [7] -0.2591264 -3.2749696 -1.0890061  0.0000000
[1] ""
[1] "Test for contour :"
            [,1]       [,2]         [,3]
 [1,] -0.4155154 -0.1392621 -0.243346259
 [2,] -2.3859667 -1.0216512 -0.780886095
 [3,] -1.4271164 -3.2188758 -1.108662625
 [4,]       -Inf       -Inf -3.912023005
 [5,]       -Inf       -Inf         -Inf
 [6,]       -Inf       -Inf         -Inf
 [7,]       -Inf       -Inf         -Inf
 [8,]       -Inf       -Inf         -Inf
 [9,] -4.8283137       -Inf         -Inf
[10,]  0.0000000  0.0000000 -0.004008021
[1] ""
[1] "Test for global-kde :"
             [,1]       [,2]       [,3]
 [1,]  -0.8008893 -0.7975927 -0.7201448
 [2,]  -1.0368543 -0.8780010 -0.9608724
 [3,]  -1.2426971 -1.0992201 -0.9237093
 [4,]  -1.7324151 -1.5078174 -1.1079044
 [5,]  -2.6029753 -2.1483001 -1.4418403
 [6,]  -4.0186556 -3.5549951 -2.0750994
 [7,]  -5.4160957 -4.3436006 -2.6077019
 [8,]  -8.6170388 -9.2064231 -4.5734354
 [9,] -10.2471019 -9.6962207 -4.2946654
[10,]  -0.2197667 -0.2146008 -0.2389803
[1] ""
[1] "--------------------------------"
