[1] "--------------------------------"
[1] "Test for euler :"
 [1]  -2.140191 -12.966152 -21.878689 -30.066789 -32.618453 -39.514193
 [7] -41.241583 -43.473473 -42.184431   0.000000
[1] ""
[1] "Test for indiv-euler :"
             [,1]       [,2]        [,3]
 [1,]  -0.6609143  -2.869045  -0.4005099
 [2,] -12.1146802  -9.893279  -5.9398740
 [3,] -24.3188287 -20.371442 -12.5388075
 [4,] -23.2425244 -28.884817 -17.4865336
 [5,] -34.7417506 -35.969682 -24.2349608
 [6,] -43.3153718 -41.580223 -27.2860295
 [7,] -43.9963580 -46.601747 -32.8080534
 [8,] -43.0451833 -48.011815 -38.0492068
 [9,] -44.8164288 -51.023165 -39.7311214
[10,]   0.0000000   0.000000   0.0000000
[1] ""
[1] "Test for all-euler :"
 [1]  -1.201619 -10.259963 -20.951628 -26.827331 -33.645758       -Inf
 [7]       -Inf       -Inf       -Inf   0.000000
[1] ""
[1] "Test for indiv_silh :"
             [,1]        [,2]        [,3]
 [1,]  -0.4547336  -2.6483556 -0.47765195
 [2,]  -4.4684693  -0.4020921 -0.38175973
 [3,]  -1.8847193  -0.2427011 -0.04297034
 [4,]  -6.2763139  -1.1330930 -0.56311981
 [5,]  -4.4685736  -3.5582626 -0.18908583
 [6,]  -8.1142838  -5.1739561 -0.15757566
 [7,]  -8.9550031 -15.8085164 -0.02477891
 [8,] -10.3082209 -17.2625332 -0.64539782
 [9,]  -2.3373649 -11.7930596 -0.55667112
[10,]   0.0000000   0.0000000  0.00000000
[1] ""
[1] "Test for all-silh :"
 [1]  -1.0583061  -2.5327554  -0.8094067  -4.6433645  -5.1392155 -10.4647699
 [7] -15.2138708 -21.6668268 -11.4564766   0.0000000
[1] ""
[1] "Test for silh-euler :"
 [1] -1.7207711 -2.7615294 -3.9272063 -5.9531953 -5.0799519 -6.0170881
 [7] -5.4070370 -0.8742702 -0.8294095  0.0000000
[1] ""
[1] "Test for contour :"
            [,1]        [,2]       [,3]
 [1,] -0.7592870 -0.10092592 -0.3368723
 [2,] -0.2665731 -0.09431068 -0.1301087
 [3,] -2.3025851 -1.85789927 -2.2072749
 [4,] -3.4420194 -2.13707065 -5.1159958
 [5,]       -Inf        -Inf       -Inf
 [6,]       -Inf        -Inf       -Inf
 [7,]       -Inf        -Inf       -Inf
 [8,]       -Inf        -Inf       -Inf
 [9,] -3.6496587        -Inf       -Inf
[10,]  0.0000000  0.00000000  0.0000000
[1] ""
[1] "Test for global-kde :"
             [,1]        [,2]       [,3]
 [1,]  -0.6826464  -0.7357908 -0.8367231
 [2,]  -0.8034782  -0.8261401 -0.8353835
 [3,]  -1.0838404  -1.0511087 -0.9626854
 [4,]  -1.3622905  -1.5443849 -1.2552073
 [5,]  -2.4304819  -2.2218022 -1.5726830
 [6,]  -4.1027212  -3.1801768 -2.1687766
 [7,]  -5.9831427  -4.6760571 -3.0552246
 [8,]  -7.2918564  -5.7783600 -4.1275861
 [9,] -11.4283207 -10.3263582 -5.6158360
[10,]  -0.2356177  -0.2179457 -0.2471052
[1] ""
[1] "--------------------------------"
