[1] "--------------------------------"
[1] "Test for euler :"
 [1]  -0.1871989  -5.2908686 -15.5474127 -24.0150963 -23.6417877 -32.8698315
 [7] -30.7663416 -36.3127315 -36.8619345   0.0000000
[1] ""
[1] "Test for indiv-euler :"
            [,1]        [,2]        [,3]
 [1,]  -1.176597  -0.7050066  -0.5911915
 [2,]  -6.391250  -5.9441957  -4.3047884
 [3,] -18.840872 -16.9171885 -14.2863156
 [4,] -24.354858 -25.6384985 -21.0198851
 [5,] -29.613656 -29.0279932 -26.5607082
 [6,] -36.452646 -35.7860350 -34.7250118
 [7,] -46.496592 -37.1451404 -36.3127586
 [8,] -40.496969 -43.4759874 -40.8039926
 [9,] -46.455023 -45.6475190 -43.5941748
[10,]   0.000000   0.0000000   0.0000000
[1] ""
[1] "Test for all-euler :"
 [1]  -0.7341564  -4.9668747 -20.2093841 -24.9023062 -30.2644543        -Inf
 [7]        -Inf        -Inf        -Inf   0.0000000
[1] ""
[1] "Test for indiv_silh :"
            [,1]         [,2]        [,3]
 [1,] -0.5271841  -0.00377412 -0.45755443
 [2,] -0.4966300  -1.89014719 -0.70896597
 [3,] -2.2300071  -1.08020465 -0.30004221
 [4,] -3.6069753  -1.83013175 -3.13030565
 [5,] -3.2890151  -3.56558495 -2.13280852
 [6,] -5.0659669  -8.88706966 -1.17561636
 [7,] -5.4958393 -12.60125315 -0.09196775
 [8,] -2.9318275 -11.76786844 -0.86294114
 [9,] -0.6618263 -19.88828674 -2.85424582
[10,]  0.0000000   0.00000000  0.00000000
[1] ""
[1] "Test for all-silh :"
 [1]  -0.07017992  -0.89195529  -1.16501549  -3.92552388  -4.72253805
 [6]  -9.63039837 -17.96306312 -12.20095163 -21.41768739   0.00000000
[1] ""
[1] "Test for silh-euler :"
 [1] -0.17108934 -0.10342909 -1.56333378 -1.70772802 -2.44751704 -2.02515654
 [7] -2.74173368 -0.07082507 -1.23889221  0.00000000
[1] ""
[1] "Test for contour :"
            [,1]      [,2]         [,3]
 [1,] -0.8915981 -2.918771 -0.233193887
 [2,] -0.6616485 -1.386294 -0.594207233
 [3,] -6.2146081 -2.659260 -2.882403588
 [4,]       -Inf      -Inf         -Inf
 [5,]       -Inf      -Inf         -Inf
 [6,]       -Inf      -Inf         -Inf
 [7,]       -Inf      -Inf         -Inf
 [8,]       -Inf      -Inf         -Inf
 [9,] -4.6051702      -Inf         -Inf
[10,]  0.0000000  0.000000 -0.002002003
[1] ""
[1] "Test for global-kde :"
             [,1]        [,2]       [,3]
 [1,]  -0.7277456  -0.8231554 -0.8435929
 [2,]  -0.8471376  -0.9105419 -0.9153221
 [3,]  -1.1241557  -1.2156420 -0.9294597
 [4,]  -1.4927971  -1.6592427 -1.2015575
 [5,]  -2.4403142  -2.1970944 -1.6558109
 [6,]  -3.5880647  -3.4792846 -1.9682748
 [7,]  -5.8983571  -5.1808626 -2.4903555
 [8,]  -8.2472517  -7.6159336 -3.8985289
 [9,] -12.0640545 -10.0518752 -4.7117855
[10,]  -0.2216764  -0.2237911 -0.2404209
[1] ""
[1] "--------------------------------"
