[1] "--------------------------------"
[1] "Test for euler :"
 [1]  -0.3027201  -8.7333996 -19.7569225 -25.9673880 -31.9124710 -37.2037586
 [7] -38.8562562 -42.7111722 -35.5189666   0.0000000
[1] ""
[1] "Test for indiv-euler :"
            [,1]        [,2]         [,3]
 [1,]  -1.885992  -0.6474529  -0.06410386
 [2,]  -1.470748  -9.1552006  -5.69643506
 [3,] -13.860936 -20.2626083  -9.82020672
 [4,] -15.407831 -23.6447110 -15.64681999
 [5,] -28.617738 -38.7580034 -28.07941332
 [6,] -33.376669 -38.7540670 -31.41360643
 [7,] -32.372705 -46.5872093 -36.65220694
 [8,] -41.154810 -47.8383238 -41.84746192
 [9,] -40.215637 -48.1136639 -41.43510676
[10,]   0.000000   0.0000000   0.00000000
[1] ""
[1] "Test for all-euler :"
 [1]  -1.333474  -6.807421 -18.375379 -20.998040 -36.043653       -Inf
 [7]       -Inf       -Inf       -Inf   0.000000
[1] ""
[1] "Test for indiv_silh :"
           [,1]        [,2]        [,3]
 [1,] -1.123609  -1.9565902 -0.67562495
 [2,] -1.844630  -0.4832991 -0.62007636
 [3,] -1.537384  -2.3781609 -1.37467735
 [4,] -0.978622  -0.9361932 -1.75652677
 [5,] -5.929439  -1.0553514 -0.51216517
 [6,] -2.048369  -9.8252293 -0.08724028
 [7,] -5.141689 -12.7187331 -2.63875931
 [8,] -7.380738 -16.2716740 -2.45642320
 [9,] -1.797404 -10.2241368 -1.01252968
[10,]  0.000000   0.0000000  0.00000000
[1] ""
[1] "Test for all-silh :"
 [1]  -2.0636548  -0.5996607  -1.5712845  -0.9777012  -4.4682842  -8.9070397
 [7] -12.2248251 -19.6057950 -12.7773009   0.0000000
[1] ""
[1] "Test for silh-euler :"
 [1] -0.03837620 -0.09218827 -1.81712928 -3.90245393 -4.56655211 -3.33164313
 [7] -0.34709132 -0.64391338 -0.36547620  0.00000000
[1] ""
[1] "Test for contour :"
            [,1]       [,2]       [,3]
 [1,] -1.3783262 -0.1485000 -0.1346749
 [2,] -0.7298112 -0.9781661 -1.1457039
 [3,] -3.6496587 -5.1159958 -4.8283137
 [4,] -5.5214609       -Inf       -Inf
 [5,]       -Inf       -Inf       -Inf
 [6,] -6.2146081       -Inf       -Inf
 [7,] -6.2146081       -Inf       -Inf
 [8,] -6.2146081       -Inf       -Inf
 [9,] -2.2633644       -Inf       -Inf
[10,]  0.0000000  0.0000000  0.0000000
[1] ""
[1] "Test for global-kde :"
            [,1]        [,2]       [,3]
 [1,] -0.6655570  -0.7707004 -0.7538612
 [2,] -0.8191100  -0.8253482 -0.8167839
 [3,] -1.0253713  -1.1588841 -0.9787009
 [4,] -1.4416990  -1.7452408 -1.3456145
 [5,] -2.5189905  -2.0336822 -1.8578928
 [6,] -3.7964562  -3.0577157 -2.0079942
 [7,] -5.7013463  -4.3886495 -2.4879488
 [8,] -8.3052590  -8.1373466 -4.2076681
 [9,] -8.6854241 -10.5737294 -5.5606773
[10,] -0.2161552  -0.2084332 -0.2437398
[1] ""
[1] "--------------------------------"
