[1] "--------------------------------"
[1] "Test for euler :"
 [1]  -0.4657368  -4.0188333 -24.2833542 -27.8785885 -30.8558169 -43.7389691
 [7] -43.1683338 -42.7577807 -39.4154933   0.0000000
[1] ""
[1] "Test for indiv-euler :"
             [,1]       [,2]        [,3]
 [1,]  -0.4865364  -2.058094  -0.2561113
 [2,]  -2.0575967  -5.714806  -4.3334224
 [3,] -21.4440464 -19.367253 -15.9059737
 [4,] -17.4051099 -28.294401 -22.0148557
 [5,] -33.8838789 -33.014046 -29.0930052
 [6,] -44.0901841 -46.094989 -35.2128749
 [7,] -46.5919451 -40.221997 -36.7185435
 [8,] -36.1788569 -49.688372 -42.6863009
 [9,] -40.5972613 -43.319036 -45.1098597
[10,]   0.0000000   0.000000   0.0000000
[1] ""
[1] "Test for all-euler :"
 [1]  -0.9115277  -3.6450165 -20.5022312 -28.2926083        -Inf        -Inf
 [7]        -Inf        -Inf        -Inf   0.0000000
[1] ""
[1] "Test for indiv_silh :"
            [,1]        [,2]       [,3]
 [1,] -0.9418521  -1.1789667 -0.3406909
 [2,] -0.7398990  -0.4228580 -0.2520666
 [3,] -3.3792308  -0.1973028 -0.2502511
 [4,] -4.8178391  -2.6835138 -1.1522980
 [5,] -8.0090189  -4.3678014 -0.1734029
 [6,] -7.0561300  -5.7549341 -1.4779741
 [7,] -3.5371179 -14.8473470 -1.4302524
 [8,] -3.7027646 -13.2638821 -0.6606522
 [9,] -9.6836102 -15.9814970 -0.4192130
[10,]  0.0000000   0.0000000  0.0000000
[1] ""
[1] "Test for all-silh :"
 [1]  -0.3651467  -0.1750388  -2.0916108  -4.1280230  -7.2151451  -8.5802027
 [7] -14.4144858 -12.5216782 -24.0535687   0.0000000
[1] ""
[1] "Test for silh-euler :"
 [1] -1.1814151 -0.3679554 -4.4852916 -4.7389363 -5.5608798 -1.2057208
 [7] -0.9246728 -1.7937192 -0.4827311  0.0000000
[1] ""
[1] "Test for contour :"
            [,1]      [,2]      [,3]
 [1,] -0.8867319 -2.631089 -1.038458
 [2,] -0.3453112 -4.017384 -1.795767
 [3,] -2.0714734 -2.956512 -4.605170
 [4,] -2.1892564      -Inf -6.214608
 [5,] -2.3434071 -6.214608      -Inf
 [6,] -6.2146081      -Inf      -Inf
 [7,]       -Inf      -Inf      -Inf
 [8,]       -Inf      -Inf      -Inf
 [9,] -3.0791139      -Inf      -Inf
[10,]  0.0000000  0.000000  0.000000
[1] ""
[1] "Test for global-kde :"
            [,1]        [,2]       [,3]
 [1,] -0.8161611  -0.7561962 -0.8031268
 [2,] -0.8110776  -0.8860030 -0.7740615
 [3,] -1.0007986  -0.9742125 -0.8634713
 [4,] -1.5533766  -1.6631341 -1.0507567
 [5,] -2.0212915  -1.9363835 -1.4300308
 [6,] -3.0166667  -3.4928271 -2.1313577
 [7,] -5.2183787  -4.8332710 -2.4594234
 [8,] -7.0460933  -6.4659468 -3.5272050
 [9,] -9.1600302 -10.3559699 -5.4751766
[10,] -0.2260420  -0.2264048 -0.2384662
[1] ""
[1] "--------------------------------"
