[1] "--------------------------------"
[1] "Test for euler :"
 [1]  -0.99666 -10.84641 -20.53943 -25.30076 -29.06391 -33.51192 -34.68013
 [8] -36.98204 -38.93737   0.00000
[1] ""
[1] "Test for indiv-euler :"
            [,1]        [,2]        [,3]
 [1,]  -0.198693  -0.2690876  -0.4559171
 [2,]  -4.142190  -7.0881032  -4.1494126
 [3,] -11.215973 -16.1426139  -6.4412627
 [4,] -22.471066 -24.0444068 -19.7632483
 [5,] -27.895857 -29.3307379 -26.6497154
 [6,] -32.193466 -34.1804243 -29.5238191
 [7,] -36.847774 -39.8369857 -37.7592534
 [8,] -41.317700 -42.0226348 -41.0600527
 [9,] -42.132991 -46.7615373 -44.6736161
[10,]   0.000000   0.0000000   0.0000000
[1] ""
[1] "Test for all-euler :"
 [1]  -0.1181139  -4.9091828 -13.5369658 -25.9953298 -32.2824533        -Inf
 [7]        -Inf        -Inf        -Inf   0.0000000
[1] ""
[1] "Test for indiv_silh :"
            [,1]        [,2]        [,3]
 [1,] -0.4767484  -0.1287709 -0.04131750
 [2,] -0.9348034  -0.5632180 -0.15004573
 [3,] -1.4288752  -1.2527944 -0.01523482
 [4,] -1.6960057  -0.2908267 -0.05488715
 [5,] -6.8626751  -4.2764301 -0.40299826
 [6,] -5.4046748  -3.2827899 -1.71459345
 [7,] -3.7259709 -11.5331735 -1.79218893
 [8,] -5.7934239 -14.5905339 -4.15279913
 [9,] -3.2623262 -13.8491429 -0.28677493
[10,]  0.0000000   0.0000000  0.00000000
[1] ""
[1] "Test for all-silh :"
 [1]  -0.03860224  -0.23202145  -0.62917690  -0.52337409  -8.13837664
 [6]  -4.92164051 -14.86707153 -19.91030146 -15.64819984   0.00000000
[1] ""
[1] "Test for silh-euler :"
 [1]  -0.9315056  -3.4155767  -6.9841064  -7.5816654 -11.3716067  -5.8194050
 [7]  -0.6463781  -0.8284743  -0.9379473   0.0000000
[1] ""
[1] "Test for contour :"
             [,1]       [,2]       [,3]
 [1,] -0.07257069 -0.4215945 -1.1647521
 [2,] -0.32020526 -1.7037486 -0.7133499
 [3,] -1.56064775 -4.6051702 -1.5141277
 [4,] -1.79576749       -Inf       -Inf
 [5,] -6.21460810       -Inf       -Inf
 [6,]        -Inf       -Inf       -Inf
 [7,] -4.26869795       -Inf       -Inf
 [8,] -6.21460810       -Inf       -Inf
 [9,] -4.01738352       -Inf       -Inf
[10,]  0.00000000  0.0000000  0.0000000
[1] ""
[1] "Test for global-kde :"
             [,1]        [,2]       [,3]
 [1,]  -0.8167282  -0.8229870 -0.7849657
 [2,]  -0.8376909  -0.8973495 -0.7759988
 [3,]  -1.1388134  -1.0969428 -1.0188334
 [4,]  -1.6959337  -1.6747021 -1.1726073
 [5,]  -2.4946921  -2.8057405 -1.6170659
 [6,]  -3.4679357  -3.9355649 -2.0267156
 [7,]  -4.6916330  -5.2032373 -2.5083997
 [8,]  -9.8931564  -7.7913367 -4.2140673
 [9,] -14.0005515 -11.9972748 -5.1697559
[10,]  -0.2003160  -0.2158111 -0.2432436
[1] ""
[1] "--------------------------------"
