[1] "--------------------------------"
[1] "Test for euler :"
 [1]  -0.480527  -8.245782 -16.958857 -25.819818 -27.447782 -33.483309
 [7] -31.668186 -35.991554 -38.381799   0.000000
[1] ""
[1] "Test for indiv-euler :"
           [,1]       [,2]       [,3]
 [1,]  -1.14061  -3.344821  -2.755465
 [2,] -11.16888 -19.694837  -9.617837
 [3,] -17.39584 -29.152855 -14.419949
 [4,] -32.24175 -34.238948 -17.470219
 [5,] -29.21955 -38.192112 -29.954500
 [6,] -31.23501 -40.980489 -33.929484
 [7,] -50.51242 -40.923024 -38.163729
 [8,] -43.94444 -51.793227 -41.565252
 [9,] -44.92657 -48.201477 -43.144879
[10,]   0.00000   0.000000   0.000000
[1] ""
[1] "Test for all-euler :"
 [1]  -1.671746 -16.125652 -25.966633 -32.844980 -34.790890       -Inf
 [7]       -Inf       -Inf       -Inf   0.000000
[1] ""
[1] "Test for indiv_silh :"
            [,1]         [,2]       [,3]
 [1,] -0.3612404  -1.09908703 -0.1593004
 [2,] -0.7806312  -0.46686114 -1.5748473
 [3,] -0.8146111  -0.55901885 -0.6930324
 [4,] -4.5051926  -0.09654045 -1.0807232
 [5,] -7.6725776  -5.60509848 -1.8548372
 [6,] -4.7895836  -7.65275313 -0.8654982
 [7,] -4.6554914  -9.09856143 -2.2665703
 [8,] -7.0774044 -18.17651847 -3.8815294
 [9,] -0.6306918 -15.83673465 -0.1322271
[10,]  0.0000000   0.00000000  0.0000000
[1] ""
[1] "Test for all-silh :"
 [1]  -0.2861155  -0.5197363  -0.3881718  -2.6000781  -8.7707337  -6.5902460
 [7] -10.0479915 -23.9987065 -17.9197462   0.0000000
[1] ""
[1] "Test for silh-euler :"
 [1] -0.03650334 -2.96340020 -1.09571425 -7.92356600 -6.41731336 -3.17101592
 [7] -0.11335943 -2.61321964 -0.07577765  0.00000000
[1] ""
[1] "Test for contour :"
            [,1]      [,2]      [,3]
 [1,] -0.8393297 -2.189256 -1.487220
 [2,] -0.7174399 -1.541779 -1.354796
 [3,] -2.4769385 -4.605170 -6.214608
 [4,] -3.7297014      -Inf      -Inf
 [5,] -3.3242363      -Inf      -Inf
 [6,] -4.8283137      -Inf      -Inf
 [7,]       -Inf      -Inf      -Inf
 [8,] -6.2146081      -Inf      -Inf
 [9,] -2.7488722      -Inf      -Inf
[10,]  0.0000000  0.000000  0.000000
[1] ""
[1] "Test for global-kde :"
             [,1]        [,2]       [,3]
 [1,]  -0.6982457  -0.7205504 -0.7528693
 [2,]  -0.7297208  -0.8731040 -0.8544116
 [3,]  -1.1007178  -1.2334362 -0.9567965
 [4,]  -1.6142837  -1.7647404 -1.1077636
 [5,]  -2.2620397  -2.2083533 -1.7345626
 [6,]  -3.5195858  -3.4391172 -2.0935810
 [7,]  -4.6647797  -4.6520317 -2.7829912
 [8,]  -7.7821145  -5.7423194 -3.2379506
 [9,] -12.1803202 -10.5945717 -5.7556092
[10,]  -0.2204210  -0.2272182 -0.2409589
[1] ""
[1] "--------------------------------"
