[1] "--------------------------------"
[1] "Test for euler :"
 [1]  -2.357109  -8.518150 -20.663218 -27.041536 -34.205764 -37.815808
 [7] -35.206690 -39.900480 -43.569012   0.000000
[1] ""
[1] "Test for indiv-euler :"
            [,1]       [,2]       [,3]
 [1,]  -3.522776  -2.052801  -1.793053
 [2,]  -8.904063  -6.718543  -1.840867
 [3,] -23.269800 -23.808703 -11.309261
 [4,] -22.431848 -27.795978 -23.582766
 [5,] -33.011559 -35.917271 -26.628233
 [6,] -46.349743 -44.310466 -32.354812
 [7,] -42.386087 -45.701229 -31.792304
 [8,] -42.273542 -46.573613 -45.921705
 [9,] -43.322100 -50.236397 -48.166278
[10,]   0.000000   0.000000   0.000000
[1] ""
[1] "Test for all-euler :"
 [1]  -1.807961  -6.599574 -25.049283 -26.950577 -32.577917       -Inf
 [7]       -Inf       -Inf       -Inf   0.000000
[1] ""
[1] "Test for indiv_silh :"
           [,1]        [,2]        [,3]
 [1,] -1.482794  -0.4336681 -1.92018637
 [2,] -1.564843  -0.1273680 -0.15168809
 [3,] -5.848987  -0.9370322 -0.15086568
 [4,] -6.009541  -0.6821302 -0.09359175
 [5,] -6.398902  -2.8367725 -0.40979940
 [6,] -6.866357  -7.2876134 -1.01680735
 [7,] -5.818816  -7.9093863 -1.63107688
 [8,] -6.725664 -10.7658377 -0.32595998
 [9,] -3.104746 -10.8053721 -1.53546145
[10,]  0.000000   0.0000000  0.00000000
[1] ""
[1] "Test for all-silh :"
 [1]  -0.8854686  -0.4157852  -3.3433943  -3.5666546  -4.9902527  -8.1847222
 [7] -13.1232595 -15.2212485 -13.6233132   0.0000000
[1] ""
[1] "Test for silh-euler :"
 [1] -2.7683098 -2.5453829 -7.8502175 -7.7060930 -9.1526190 -6.8770725
 [7] -2.8739139 -1.6304809 -0.4086643  0.0000000
[1] ""
[1] "Test for contour :"
            [,1]       [,2]        [,3]
 [1,] -0.4557063 -0.5208760 -0.02020271
 [2,] -1.8708027 -0.4877604 -0.27180872
 [3,] -3.6496587 -1.1394343 -2.15416509
 [4,]       -Inf -2.3859667 -4.26869795
 [5,] -5.5214609 -6.2146081        -Inf
 [6,]       -Inf       -Inf        -Inf
 [7,]       -Inf       -Inf        -Inf
 [8,]       -Inf       -Inf        -Inf
 [9,] -4.4228486       -Inf        -Inf
[10,]  0.0000000  0.0000000  0.00000000
[1] ""
[1] "Test for global-kde :"
             [,1]        [,2]       [,3]
 [1,]  -0.7303990  -0.7509240 -0.7588367
 [2,]  -0.8015920  -0.9132006 -0.8099232
 [3,]  -1.0342804  -1.4863040 -1.0765402
 [4,]  -1.6224282  -1.7798079 -1.2786988
 [5,]  -2.4369302  -2.4863920 -1.4511520
 [6,]  -3.8910032  -4.3954727 -1.9950422
 [7,]  -5.5352272  -5.5072549 -2.7305840
 [8,] -10.2501154  -9.0600164 -3.5639747
 [9,]  -9.4687949 -10.0376267 -3.9632749
[10,]  -0.2178582  -0.2094992 -0.2449606
[1] ""
[1] "--------------------------------"
