[1] "--------------------------------"
[1] "Test for euler :"
 [1]  -0.02967166  -6.66779703 -11.91059856 -22.13026513 -28.31580025
 [6] -29.53559905 -30.58599583 -36.12594742 -35.87598984   0.00000000
[1] ""
[1] "Test for indiv-euler :"
             [,1]        [,2]       [,3]
 [1,]  -0.6303812  -0.4486895  -3.068431
 [2,]  -5.0538129  -5.7646890  -8.217730
 [3,] -11.9982474 -11.2098567  -7.191455
 [4,] -21.0234768 -22.6435821 -20.694474
 [5,] -27.8427125 -28.1392340 -23.443217
 [6,] -36.1021320 -34.2238533 -28.760628
 [7,] -41.8411841 -38.0848254 -37.394873
 [8,] -43.8203341 -41.7348392 -42.284913
 [9,] -46.2583053 -41.9780689 -42.858952
[10,]   0.0000000   0.0000000   0.000000
[1] ""
[1] "Test for all-euler :"
 [1]  -1.304864  -5.741949 -11.347344 -22.714840 -28.063972 -36.043653
 [7]       -Inf       -Inf       -Inf   0.000000
[1] ""
[1] "Test for indiv_silh :"
            [,1]       [,2]      [,3]
 [1,] -0.6613932  -1.474431 -2.775197
 [2,] -0.7816947  -1.459463 -2.469887
 [3,] -1.7060347  -1.360299 -2.445307
 [4,] -1.4222460  -2.579560 -3.573564
 [5,] -4.5732734  -5.423288 -4.239715
 [6,] -4.5002180  -4.266267 -3.134865
 [7,] -4.9042930 -12.514456 -3.014683
 [8,] -4.9171745 -14.626999 -3.171150
 [9,] -5.3389814 -13.418166 -3.322237
[10,]  0.0000000   0.000000  0.000000
[1] ""
[1] "Test for all-silh :"
 [1]  -1.380750  -2.135244  -3.044668  -3.253918  -7.262415  -6.675055
 [7] -12.250111 -19.047307 -15.542421   0.000000
[1] ""
[1] "Test for silh-euler :"
 [1] -1.67434191 -0.03799691 -0.64101965 -3.10503556 -2.44111173 -1.66104414
 [7] -0.26487714 -1.03145260 -0.59818802  0.00000000
[1] ""
[1] "Test for contour :"
           [,1]      [,2]       [,3]
 [1,] -3.506558 -3.575551 -0.6273594
 [2,] -1.237874 -3.649659 -3.5755508
 [3,] -4.422849 -1.427116 -5.5214609
 [4,]      -Inf      -Inf       -Inf
 [5,] -3.816713      -Inf       -Inf
 [6,]      -Inf      -Inf       -Inf
 [7,]      -Inf      -Inf       -Inf
 [8,]      -Inf      -Inf       -Inf
 [9,]      -Inf      -Inf       -Inf
[10,]  0.000000  0.000000  0.0000000
[1] ""
[1] "Test for global-kde :"
            [,1]       [,2]       [,3]
 [1,] -0.7750094 -0.7861529 -0.8466091
 [2,] -0.7947894 -0.8116734 -0.8550816
 [3,] -0.9426423 -0.9060420 -0.8880420
 [4,] -1.5406895 -1.3381833 -1.1023604
 [5,] -2.3333082 -2.2048239 -1.5030361
 [6,] -3.3788361 -3.0858186 -2.1115121
 [7,] -4.1505743 -4.4579471 -2.4182272
 [8,] -9.7098948 -7.1210988 -3.7024801
 [9,] -8.4580980 -8.7893724 -4.5665266
[10,] -0.2150425 -0.2202172 -0.2481177
[1] ""
[1] "--------------------------------"
