[1] "--------------------------------"
[1] "Test for euler :"
 [1]  -1.997062  -7.749042 -20.687161 -24.100945 -32.796971 -37.355331
 [7] -42.455998 -39.981744 -38.655763   0.000000
[1] ""
[1] "Test for indiv-euler :"
             [,1]        [,2]         [,3]
 [1,]  -0.5942467  -0.1738123  -0.09288692
 [2,]  -3.3326043  -8.9435150  -3.17876597
 [3,] -10.1820586 -22.5028441 -13.90055223
 [4,] -19.6195064 -37.5870494 -18.37941252
 [5,] -25.6808023 -29.3149779 -25.05960165
 [6,] -31.0744320 -35.8783112 -37.75022311
 [7,] -32.1074544 -57.4317608 -39.74468140
 [8,] -35.6158360 -36.6295247 -45.61699552
 [9,] -40.6732346 -47.8672711 -49.22538658
[10,]   0.0000000   0.0000000   0.00000000
[1] ""
[1] "Test for all-euler :"
 [1]  -0.05642455  -6.37979692 -19.44350129 -31.94930883 -30.89036179
 [6]         -Inf         -Inf         -Inf         -Inf   0.00000000
[1] ""
[1] "Test for indiv_silh :"
            [,1]        [,2]       [,3]
 [1,] -2.0825341  -0.4212543 -0.1979069
 [2,] -1.4099916  -0.4523839 -1.3883334
 [3,] -0.0102180  -0.1631402 -2.9326223
 [4,] -0.0354914  -2.6969384 -2.2568158
 [5,] -2.7020826  -2.5493555 -0.3282617
 [6,] -0.5596373  -7.1144411 -1.3619477
 [7,] -0.4775800  -8.2621943 -1.4132408
 [8,] -2.3240014 -17.3390197 -2.3952157
 [9,] -2.3957243 -14.6312707 -1.0808335
[10,]  0.0000000   0.0000000  0.0000000
[1] ""
[1] "Test for all-silh :"
 [1]  -0.6615874  -0.9981963  -1.3448703  -1.6644140  -3.0254713  -5.4985338
 [7]  -6.4391207 -17.8920535 -15.9560242   0.0000000
[1] ""
[1] "Test for silh-euler :"
 [1] -1.7090194 -0.2657859 -0.6200702 -0.1992740 -5.7075295 -1.1121565
 [7] -2.2666388 -0.1979297 -1.1439830  0.0000000
[1] ""
[1] "Test for contour :"
            [,1]       [,2]       [,3]
 [1,] -0.4877604 -0.6051363 -1.0051219
 [2,] -0.8074363 -1.4610179 -0.3396774
 [3,] -3.1700857 -3.9120230       -Inf
 [4,]       -Inf -4.4228486 -4.1351666
 [5,]       -Inf       -Inf       -Inf
 [6,]       -Inf       -Inf       -Inf
 [7,]       -Inf       -Inf       -Inf
 [8,]       -Inf       -Inf       -Inf
 [9,]       -Inf       -Inf       -Inf
[10,]  0.0000000  0.0000000  0.0000000
[1] ""
[1] "Test for global-kde :"
             [,1]       [,2]       [,3]
 [1,]  -0.7828856 -0.8255799 -0.6965415
 [2,]  -0.8181266 -0.9060675 -0.8057629
 [3,]  -1.1150205 -1.1794509 -1.0282670
 [4,]  -1.5746630 -1.5957642 -1.0433085
 [5,]  -2.4844220 -2.1825637 -1.7607426
 [6,]  -4.6027209 -3.4427360 -1.8131979
 [7,]  -6.0796428 -5.2401898 -3.0007652
 [8,]  -7.3540879 -7.5095557 -3.5374863
 [9,] -12.3005447 -9.2823157 -3.7033817
[10,]  -0.2177195 -0.2219040 -0.2442243
[1] ""
[1] "--------------------------------"
