[1] "--------------------------------"
[1] "Test for euler :"
 [1]  -0.5270031  -4.0499065 -16.4571691 -24.7801523 -27.6712177 -34.3566776
 [7] -35.7216616 -38.0864246 -40.9604086   0.0000000
[1] ""
[1] "Test for indiv-euler :"
             [,1]       [,2]       [,3]
 [1,]  -0.4825112  -0.132590  -2.191889
 [2,]  -1.7862418  -4.406492  -3.234856
 [3,] -11.1130433 -19.480368 -12.915351
 [4,] -18.6428647 -29.478306 -19.654285
 [5,] -28.7418024 -36.601846 -25.252856
 [6,] -29.4440844 -43.360116 -39.149282
 [7,] -37.3625744 -50.313623 -45.897032
 [8,] -41.3284699 -48.308251 -50.314247
 [9,] -42.5521556 -53.953454 -52.080122
[10,]   0.0000000   0.000000   0.000000
[1] ""
[1] "Test for all-euler :"
 [1]  -1.238644  -2.546402 -15.839188 -28.732101 -32.054669       -Inf
 [7]       -Inf       -Inf       -Inf   0.000000
[1] ""
[1] "Test for indiv_silh :"
             [,1]       [,2]       [,3]
 [1,] -0.13852948  -1.428010 -1.2152908
 [2,] -0.05166419  -6.107569 -0.8262639
 [3,] -0.37030338  -2.588066 -4.6859832
 [4,] -2.74535198  -4.450233 -1.4370170
 [5,] -4.35763196  -7.851325 -3.6672738
 [6,] -2.70672705  -7.885562 -3.2299527
 [7,] -2.48097294  -9.201835 -3.1553163
 [8,] -4.04198185 -16.369652 -2.0155037
 [9,] -3.69003439 -11.677198 -2.0953168
[10,]  0.00000000   0.000000  0.0000000
[1] ""
[1] "Test for all-silh :"
 [1]  -1.063860  -4.528421  -4.970556  -5.152105 -11.480347  -6.148906
 [7]  -9.944609 -16.193117 -13.096157   0.000000
[1] ""
[1] "Test for silh-euler :"
 [1] -0.64304740 -0.31173062 -0.08081974 -2.06004319 -1.16152318 -1.61651290
 [7] -0.60630679 -0.23252863 -0.14442029  0.00000000
[1] ""
[1] "Test for contour :"
            [,1]      [,2]      [,3]
 [1,] -0.6424541 -1.771957 -1.671313
 [2,] -0.7298112 -2.631089 -1.197328
 [3,] -5.1159958 -5.115996      -Inf
 [4,] -1.4024237      -Inf      -Inf
 [5,]       -Inf      -Inf      -Inf
 [6,]       -Inf      -Inf      -Inf
 [7,]       -Inf      -Inf      -Inf
 [8,] -6.2146081      -Inf      -Inf
 [9,] -5.5214609      -Inf      -Inf
[10,]  0.0000000  0.000000  0.000000
[1] ""
[1] "Test for global-kde :"
             [,1]       [,2]       [,3]
 [1,]  -0.7330150 -0.8140491 -0.8603407
 [2,]  -0.8271847 -0.8349279 -0.7904569
 [3,]  -0.9919274 -0.9947466 -1.0720260
 [4,]  -1.5117755 -1.5064198 -1.1330296
 [5,]  -2.5253880 -2.3309212 -1.5593429
 [6,]  -3.9762809 -4.2597362 -2.1082521
 [7,]  -5.5778456 -4.9051233 -2.4278470
 [8,]  -6.3069924 -6.7585375 -3.5160570
 [9,] -10.4239641 -9.3453634 -4.2520108
[10,]  -0.2284213 -0.2207818 -0.2370678
[1] ""
[1] "--------------------------------"
