[1] "--------------------------------"
[1] "Test for euler :"
 [1]  -0.6720219  -8.6115213 -19.5192240 -22.5303544 -30.6986053 -32.9089737
 [7] -37.5377328 -41.2640546 -39.1460647   0.0000000
[1] ""
[1] "Test for indiv-euler :"
              [,1]        [,2]        [,3]
 [1,]  -0.06829596  -0.2393229  -0.3989319
 [2,]  -3.89511715  -8.8389172  -3.5022846
 [3,] -12.77995088 -23.1644131 -10.3763321
 [4,] -19.38317144 -24.9924599 -20.0624581
 [5,] -28.37812105 -35.5982911 -22.8081719
 [6,] -32.65498968 -43.2783817 -31.0099762
 [7,] -37.93821351 -44.6493304 -39.3802090
 [8,] -37.80867899 -51.1662279 -40.4382427
 [9,] -41.30438184 -44.0269881 -46.0495650
[10,]   0.00000000   0.0000000   0.0000000
[1] ""
[1] "Test for all-euler :"
 [1]  -0.113340  -5.857599 -19.861341 -22.691406 -31.511054       -Inf
 [7]       -Inf       -Inf       -Inf   0.000000
[1] ""
[1] "Test for indiv_silh :"
            [,1]        [,2]       [,3]
 [1,] -0.9138369  -0.4119524 -4.5451360
 [2,] -0.7968593  -0.0471021 -1.0445542
 [3,] -0.6030758  -1.7288816 -1.7649503
 [4,] -4.9651649  -5.0172827 -4.0495455
 [5,] -1.6151182  -3.0306915 -0.9802164
 [6,] -4.6278616  -5.9641883 -2.4146930
 [7,] -4.7404996 -12.9756818 -2.5248029
 [8,] -1.1702530  -9.0558068 -1.9418837
 [9,] -3.5480552 -17.7904578 -2.8114864
[10,]  0.0000000   0.0000000  0.0000000
[1] ""
[1] "Test for all-silh :"
 [1]  -2.5548895  -0.3233238  -0.8976288  -8.4228865  -2.7816599  -7.2466520
 [7] -12.8487840 -10.3509301 -19.6278004   0.0000000
[1] ""
[1] "Test for silh-euler :"
 [1] -1.95945639 -0.09460712 -2.01507476 -1.00259634 -1.76022430 -1.95805195
 [7] -0.02634722 -1.42847343 -1.56912055  0.00000000
[1] ""
[1] "Test for contour :"
              [,1]      [,2]       [,3]
 [1,] -0.285018955 -4.268698 -0.3119748
 [2,] -0.121038328 -5.521461 -1.2801342
 [3,] -1.184170177 -1.660731 -1.7037486
 [4,] -3.912023005 -6.214608       -Inf
 [5,]         -Inf      -Inf       -Inf
 [6,]         -Inf      -Inf       -Inf
 [7,]         -Inf      -Inf       -Inf
 [8,]         -Inf      -Inf       -Inf
 [9,]         -Inf      -Inf       -Inf
[10,] -0.002002003  0.000000  0.0000000
[1] ""
[1] "Test for global-kde :"
            [,1]       [,2]       [,3]
 [1,] -0.7146933 -0.7473386 -0.7541163
 [2,] -0.8581554 -0.8547627 -0.7884210
 [3,] -1.0101277 -1.1464845 -0.8964047
 [4,] -1.4856409 -1.5965638 -1.2414731
 [5,] -2.5675117 -2.3055343 -1.5601665
 [6,] -4.0816444 -4.0943675 -2.1279271
 [7,] -5.4419710 -4.8773431 -3.0226906
 [8,] -9.6932547 -8.2076061 -4.0602119
 [9,] -9.9137897 -8.9035233 -4.7139980
[10,] -0.2229333 -0.2280830 -0.2474753
[1] ""
[1] "--------------------------------"
