[1] "--------------------------------"
[1] "Test for euler :"
 [1]  -1.003209  -9.300547 -19.700923 -32.949796 -29.791597 -38.037293
 [7] -36.207904 -39.839381 -44.850842   0.000000
[1] ""
[1] "Test for indiv-euler :"
             [,1]       [,2]         [,3]
 [1,]  -0.5632654  -2.561305  -0.02603135
 [2,]  -7.5139509  -3.742686  -4.19298620
 [3,] -14.3289788 -11.651528  -9.50636868
 [4,] -31.9005906 -23.606922 -18.27145798
 [5,] -32.5240651 -29.184918 -24.82013069
 [6,] -41.9920048 -35.365116 -32.53753656
 [7,] -44.9848760 -40.318984 -40.24452531
 [8,] -42.0614497 -44.097205 -39.41417048
 [9,] -51.2472737 -45.253421 -47.63300214
[10,]   0.0000000   0.000000   0.00000000
[1] ""
[1] "Test for all-euler :"
 [1]  -1.687141  -6.017533 -13.422386 -27.785490 -33.335603       -Inf
 [7]       -Inf       -Inf       -Inf   0.000000
[1] ""
[1] "Test for indiv_silh :"
           [,1]         [,2]       [,3]
 [1,] -0.518954  -1.05222299 -0.3346608
 [2,] -0.287422  -0.06444012 -0.4559391
 [3,] -2.236193  -2.04246688 -0.2249408
 [4,] -4.957415  -0.16086408 -0.7076527
 [5,] -1.942911  -7.24847041 -0.9489740
 [6,] -8.433316  -6.37000121 -0.9954752
 [7,] -3.524977  -9.24644636 -1.6375798
 [8,] -7.588368 -27.05895007 -1.9414029
 [9,] -4.832266 -14.68041856 -4.1483703
[10,]  0.000000   0.00000000  0.0000000
[1] ""
[1] "Test for all-silh :"
 [1]  -0.36876835  -0.04335344  -2.15350078  -3.24543151  -6.23678920
 [6] -11.69382400 -10.29922231 -26.37937526 -16.82981242   0.00000000
[1] ""
[1] "Test for silh-euler :"
 [1] -0.3179958 -0.7495167 -1.6003397 -5.2899548 -0.7780075 -3.6392458
 [7] -0.5677045 -0.2871212 -1.7493704  0.0000000
[1] ""
[1] "Test for contour :"
            [,1]      [,2]        [,3]
 [1,] -0.4277107 -1.287354 -0.02429269
 [2,] -1.0216512 -1.541779 -0.64245407
 [3,] -1.0441241 -4.135167 -4.42284863
 [4,]       -Inf      -Inf        -Inf
 [5,] -5.5214609      -Inf        -Inf
 [6,]       -Inf      -Inf        -Inf
 [7,] -6.2146081      -Inf        -Inf
 [8,] -5.1159958      -Inf        -Inf
 [9,] -4.6051702      -Inf        -Inf
[10,]  0.0000000  0.000000  0.00000000
[1] ""
[1] "Test for global-kde :"
             [,1]        [,2]       [,3]
 [1,]  -0.7090234  -0.7199295 -0.7893218
 [2,]  -0.8293880  -0.8649280 -0.8431759
 [3,]  -1.0607355  -1.0145320 -0.8655699
 [4,]  -1.7082609  -1.5486065 -1.2242616
 [5,]  -2.0437431  -1.8993578 -1.4358139
 [6,]  -3.8609628  -3.4688063 -2.1524421
 [7,]  -4.7116004  -4.0743795 -3.1090815
 [8,]  -8.4347549  -6.3913686 -3.3627072
 [9,] -10.3380693 -11.1083183 -4.3530623
[10,]  -0.2198879  -0.2158947 -0.2435265
[1] ""
[1] "--------------------------------"
