[1] "--------------------------------"
[1] "Test for euler :"
 [1]  -0.7357574 -10.0916194 -19.9824339 -24.5442846 -24.7998700 -30.9346567
 [7] -36.6717754 -37.6600706 -40.4030812   0.0000000
[1] ""
[1] "Test for indiv-euler :"
             [,1]        [,2]        [,3]
 [1,]  -0.7245361  -0.4840918  -0.0440936
 [2,]  -7.7258487  -5.5685961  -4.8391321
 [3,] -18.2637656 -22.1295201 -12.3542171
 [4,] -23.4135160 -31.4122065 -16.2395888
 [5,] -30.3471453 -33.6197216 -26.0849893
 [6,] -30.7136862 -36.1623666 -31.4959319
 [7,] -38.8925854 -45.1360636 -36.0989798
 [8,] -37.6495087 -45.9551600 -40.5932613
 [9,] -44.8120885 -56.8823556 -42.7060533
[10,]   0.0000000   0.0000000   0.0000000
[1] ""
[1] "Test for all-euler :"
 [1]  -0.3341136  -5.9786825 -21.2344334 -26.7298092 -33.3356032 -36.0436534
 [7]        -Inf        -Inf        -Inf   0.0000000
[1] ""
[1] "Test for indiv_silh :"
           [,1]        [,2]       [,3]
 [1,] -1.158877  -0.1518325 -0.3692334
 [2,] -4.835933  -0.2330112 -0.7265653
 [3,] -6.244614  -1.2212417 -1.7558635
 [4,] -7.869887  -1.5583072 -2.0020536
 [5,] -3.534968  -7.4556309 -2.3253669
 [6,] -7.948331  -4.2790712 -3.4238945
 [7,] -5.141156 -18.1891093 -1.1583496
 [8,] -1.406239 -12.8069973 -0.7461881
 [9,] -6.900744 -20.8403708 -1.3055455
[10,]  0.000000   0.0000000  0.0000000
[1] ""
[1] "Test for all-silh :"
 [1]  -0.3213318  -3.6956351  -5.8962192  -9.0184814  -6.6507045  -8.5578321
 [7] -15.9609296 -12.4521281 -21.7060924   0.0000000
[1] ""
[1] "Test for silh-euler :"
 [1] -0.9046980 -1.3122506 -2.3567465 -2.1066533 -0.2435546 -1.5344610
 [7] -1.9305307 -0.8015178 -0.1604694  0.0000000
[1] ""
[1] "Test for contour :"
           [,1]      [,2]       [,3]
 [1,] -1.010601 -1.410587 -0.7339692
 [2,] -1.857899 -4.828314 -0.7507763
 [3,] -2.551046      -Inf       -Inf
 [4,]      -Inf      -Inf       -Inf
 [5,] -6.214608      -Inf       -Inf
 [6,]      -Inf      -Inf       -Inf
 [7,]      -Inf      -Inf       -Inf
 [8,]      -Inf      -Inf       -Inf
 [9,]      -Inf      -Inf       -Inf
[10,]  0.000000  0.000000  0.0000000
[1] ""
[1] "Test for global-kde :"
             [,1]       [,2]       [,3]
 [1,]  -0.7105153 -0.7283638 -0.7168500
 [2,]  -0.8096439 -0.8321827 -0.8671590
 [3,]  -1.0774806 -1.1645123 -0.9022896
 [4,]  -1.8618636 -1.7031184 -1.3463108
 [5,]  -2.4691014 -2.0979592 -1.8186849
 [6,]  -3.3515386 -3.9304577 -2.3982870
 [7,]  -5.6471131 -5.4934145 -3.1173763
 [8,]  -7.4340523 -6.0458549 -4.0401054
 [9,] -12.4019938 -9.8567938 -4.9200470
[10,]  -0.2213501 -0.2235614 -0.2439875
[1] ""
[1] "--------------------------------"
