[1] "--------------------------------"
[1] "Test for euler :"
 [1]  -0.6520764  -7.1533753 -21.9537053 -24.9376416 -34.5668090 -40.1237543
 [7] -42.8194216 -41.2048318 -45.9263421   0.0000000
[1] ""
[1] "Test for indiv-euler :"
            [,1]        [,2]       [,3]
 [1,]  -3.307265  -0.9418961  -1.067914
 [2,]  -6.689861  -1.9898706  -3.727684
 [3,] -13.422096 -13.5459130  -8.383474
 [4,] -27.166667 -23.2833199 -17.945354
 [5,] -33.793863 -32.7835600 -27.277337
 [6,] -36.400946 -37.0419264 -34.038906
 [7,] -40.908082 -41.6288580 -37.901556
 [8,] -45.108557 -44.1337806 -42.788094
 [9,] -46.770582 -45.3549958 -45.422667
[10,]   0.000000   0.0000000   0.000000
[1] ""
[1] "Test for all-euler :"
 [1]  -2.112326  -5.134754 -15.779821 -26.263803 -35.638188       -Inf
 [7]       -Inf       -Inf       -Inf   0.000000
[1] ""
[1] "Test for indiv_silh :"
            [,1]       [,2]        [,3]
 [1,]  -2.507024  -2.049759 -0.10933116
 [2,]  -2.160760  -2.760642 -0.19734604
 [3,]  -2.498505  -1.574404 -1.97403066
 [4,]  -3.342752  -1.793353 -0.05323770
 [5,]  -8.412239  -5.798603 -1.17185658
 [6,]  -7.786667  -6.823000 -0.05050333
 [7,] -12.937919  -9.209723 -2.49890404
 [8,]  -7.732363 -14.073038 -1.34417144
 [9,]  -4.434610 -14.393533 -6.20763579
[10,]   0.000000   0.000000  0.00000000
[1] ""
[1] "Test for all-silh :"
 [1]  -1.555108  -2.440596  -2.138590  -1.988843  -9.173968  -8.524352
 [7] -16.478217 -16.403044 -18.472955   0.000000
[1] ""
[1] "Test for silh-euler :"
 [1] -0.25728857 -1.31783574 -2.22755394 -4.66782320 -4.44683159 -7.26214507
 [7] -6.10295027 -0.02364718 -2.38919501  0.00000000
[1] ""
[1] "Test for contour :"
              [,1]        [,2]         [,3]
 [1,] -0.213193220 -0.07904321 -0.220646671
 [2,] -0.098715973 -1.66073121 -0.057629113
 [3,] -4.422848629 -2.57702194 -0.373966441
 [4,] -6.214608098        -Inf         -Inf
 [5,] -6.214608098        -Inf         -Inf
 [6,]         -Inf        -Inf         -Inf
 [7,] -6.214608098        -Inf         -Inf
 [8,] -5.521460918        -Inf         -Inf
 [9,] -5.115995810        -Inf         -Inf
[10,] -0.002002003  0.00000000 -0.002002003
[1] ""
[1] "Test for global-kde :"
             [,1]       [,2]       [,3]
 [1,]  -0.7864017 -0.7672047 -0.7468010
 [2,]  -0.8615153 -0.8776278 -0.7581072
 [3,]  -1.0329429 -1.0154485 -0.8252428
 [4,]  -1.5230309 -1.6185525 -1.2209987
 [5,]  -2.2457491 -2.2021486 -1.4988174
 [6,]  -3.9975819 -3.4948290 -2.1035135
 [7,]  -6.3293741 -6.4482542 -3.5871556
 [8,]  -7.3774402 -6.2421613 -3.2086660
 [9,] -11.3310732 -9.7260393 -5.2456845
[10,]  -0.2270144 -0.2194114 -0.2443719
[1] ""
[1] "--------------------------------"
