[1] "--------------------------------"
[1] "Test for indiv_silh :"
             [,1]        [,2]       [,3]
 [1,] -0.92662330  -0.6758346 -0.9206622
 [2,] -0.02251971  -1.6331536 -1.2077612
 [3,] -1.80813870  -2.5563130 -0.6289632
 [4,] -2.47755270  -5.0583701 -3.8410620
 [5,] -0.90352366  -8.3659364 -2.4045996
 [6,] -4.04847169 -10.4775427 -2.0733599
 [7,] -3.84392235 -13.2844210 -0.1988259
 [8,] -0.35578150 -13.1290581 -1.5943717
 [9,] -0.39858163 -20.7826288 -3.4215737
[10,]  0.00000000   0.0000000  0.0000000
[1] ""
[1] "Test for all-silh :"
 [1]  -0.5927960  -0.5821138  -1.8647338  -4.9051420  -7.3967967 -10.2408444
 [7] -17.1829668 -13.0824157 -25.8233134   0.0000000
[1] ""
[1] "--------------------------------"
