[1] "--------------------------------"
[1] "Test for indiv_silh :"
            [,1]        [,2]        [,3]
 [1,] -2.2437301  -0.1326717 -2.22841208
 [2,] -0.2445768  -0.5831883 -0.29730977
 [3,] -1.4622903  -0.2992500 -0.49838351
 [4,] -1.6361947  -3.7754417 -0.87711299
 [5,] -0.9833232  -2.6650016 -0.05913867
 [6,] -3.3642924  -9.3344358 -2.32613320
 [7,] -1.6747309 -14.1292099 -1.47408817
 [8,] -4.3422573 -11.9065862 -4.88514906
 [9,] -1.0854298 -17.1583779 -0.44398827
[10,]  0.0000000   0.0000000  0.00000000
[1] ""
[1] "Test for all-silh :"
 [1]  -2.3062886  -0.1364209  -0.7621377  -2.6710774  -1.6796616  -8.3810176
 [7] -15.9403980 -18.0636075 -19.2415445   0.0000000
[1] ""
[1] "--------------------------------"
