[1] "--------------------------------"
[1] "Test for indiv_silh :"
            [,1]        [,2]        [,3]
 [1,] -1.4456476  -3.4619788 -1.31890264
 [2,] -3.6575855  -0.8720711 -2.00978301
 [3,] -0.2053834  -1.2065943 -0.19812794
 [4,] -2.1375613  -5.2645727 -1.69036780
 [5,] -4.4515779  -6.6200955 -0.23004916
 [6,] -1.3646927  -8.3341352 -0.59803318
 [7,] -1.0923479  -7.9743334 -1.68484145
 [8,] -2.1838932  -8.9684560 -0.28617067
 [9,] -5.4608695 -19.0027718 -0.05504582
[10,]  0.0000000   0.0000000  0.00000000
[1] ""
[1] "Test for all-silh :"
 [1]  -2.6383057  -2.5750231  -0.2356071  -3.8029912  -6.2557773  -8.6967838
 [7]  -8.4609533  -9.2594839 -23.4371952   0.0000000
[1] ""
[1] "--------------------------------"
