[1] "--------------------------------"
[1] "Test for indiv_silh :"
           [,1]        [,2]      [,3]
 [1,] -0.242013  -1.0307174 -2.841122
 [2,] -1.117649  -0.7678504 -2.019128
 [3,] -1.941240  -0.6659193 -3.044903
 [4,] -1.681983  -0.5150623 -3.314479
 [5,] -4.798647  -2.3510533 -3.979579
 [6,] -4.620831  -1.4716141 -2.218319
 [7,] -6.004468  -8.3136254 -2.327961
 [8,] -5.825045 -13.1812988 -1.935380
 [9,] -6.167505 -11.8210309 -1.870775
[10,]  0.000000   0.0000000  0.000000
[1] ""
[1] "Test for all-silh :"
 [1]  -1.308962  -1.825960  -3.570366  -2.469412  -5.981443  -4.086125
 [7]  -9.392357 -15.895767 -13.527321   0.000000
[1] ""
[1] "--------------------------------"
