[1] "--------------------------------"
[1] "Test for indiv_silh :"
            [,1]         [,2]       [,3]
 [1,] -0.2281281  -0.07182378 -0.9005784
 [2,] -0.5761848  -0.07712223 -0.1567447
 [3,] -0.7874281  -2.46029022 -0.4021705
 [4,] -0.2271289  -5.94270809 -0.4225043
 [5,] -0.5406076  -7.05740070 -0.2827031
 [6,] -0.9165675 -17.71622919 -0.5554216
 [7,] -1.4639251 -12.94532718 -0.9197552
 [8,] -1.9505609 -15.81551207 -1.4636009
 [9,] -0.6074315 -11.40071261 -0.7767368
[10,]  0.0000000   0.00000000  0.0000000
[1] ""
[1] "Test for all-silh :"
 [1]  -0.16034437  -0.05953921  -1.13668066  -3.86397389  -4.84541858
 [6] -14.08649972 -11.87940622 -16.04050457 -11.22197399   0.00000000
[1] ""
[1] "--------------------------------"
