[1] "--------------------------------"
[1] "Test for indiv_silh :"
            [,1]         [,2]       [,3]
 [1,] -0.4202282  -0.05952825 -1.0824513
 [2,] -0.8579575  -0.05650710 -0.2473775
 [3,] -1.0366033  -3.18221033 -0.5111390
 [4,] -0.1772009  -6.84287360 -0.4848708
 [5,] -0.2803432  -7.41104359 -0.2648665
 [6,] -0.9492261 -20.18067728 -0.4980087
 [7,] -1.0844066 -13.37483716 -0.8956415
 [8,] -1.7547492 -15.54883769 -1.3721130
 [9,] -0.2630986 -12.99100569 -0.5574705
[10,]  0.0000000   0.00000000  0.0000000
[1] ""
[1] "Test for all-silh :"
 [1]  -0.2387629  -0.1340656  -1.8459460  -4.6551447  -5.2308776 -16.7349509
 [7] -13.1692860 -16.1559793 -13.4206288   0.0000000
[1] ""
[1] "--------------------------------"
