[1] "--------------------------------"
[1] "Test for indiv_silh :"
            [,1]         [,2]       [,3]
 [1,] -0.1267641  -0.07855555 -0.8719975
 [2,] -0.4114578  -0.06337032 -0.1299594
 [3,] -0.6606881  -1.94684082 -0.3243918
 [4,] -0.3150768  -5.53417327 -0.3774432
 [5,] -0.5977453  -6.54707288 -0.2889192
 [6,] -0.9302386 -15.66242274 -0.5942406
 [7,] -1.6019915 -12.35596016 -0.9227730
 [8,] -1.9177371 -15.77621593 -1.4817825
 [9,] -0.7068598 -10.50904119 -0.9077396
[10,]  0.0000000   0.00000000  0.0000000
[1] ""
[1] "Test for all-silh :"
 [1]  -0.14748654  -0.02914566  -0.73451434  -3.49581324  -4.31734538
 [6] -11.96329055 -10.65254141 -15.56351985  -9.93443176   0.00000000
[1] ""
[1] "--------------------------------"
