[1] "--------------------------------"
[1] "Test for indiv_silh :"
             [,1]        [,2]        [,3]
 [1,] -0.09099667  -1.4314764 -2.02843135
 [2,] -0.42189785  -0.9284758 -1.93007430
 [3,] -0.99933107  -2.0746290 -0.96579832
 [4,] -0.34929653  -4.4225820 -0.06847669
 [5,] -0.44195951 -10.2975931 -1.29659048
 [6,] -0.62515671 -12.7813596 -2.68093685
 [7,] -1.75145727  -8.4807404 -0.29813957
 [8,] -3.03115223 -10.6916793 -1.43118727
 [9,] -1.44869508  -7.0089021 -0.88271779
[10,]  0.00000000   0.0000000  0.00000000
[1] ""
[1] "Test for all-silh :"
 [1]  -0.9930588  -1.0381084  -1.4403767  -2.5065572  -8.2686000 -11.8266996
 [7]  -7.2848178 -12.0421092  -6.3265683   0.0000000
[1] ""
[1] "--------------------------------"
