[1] "--------------------------------"
[1] "Test for indiv_silh :"
              [,1]       [,2]        [,3]
 [1,] -0.132061081  -2.694135 -1.31335018
 [2,] -1.448334309  -2.504259 -2.80432235
 [3,] -0.666778067  -6.599944 -0.01955099
 [4,] -0.825921487  -8.714553 -1.22119363
 [5,] -0.004764712 -13.104664 -1.17756599
 [6,] -0.280914409 -14.502943 -2.30576249
 [7,] -1.427284159 -12.062594 -1.70256733
 [8,] -2.265883348 -11.408328 -1.32681205
 [9,] -1.781436151 -13.603452 -2.01383273
[10,]  0.000000000   0.000000  0.00000000
[1] ""
[1] "Test for all-silh :"
 [1]  -1.504330  -2.788507  -4.232861  -6.837154 -11.308675 -15.214105
 [7] -14.618921 -13.086839 -14.996674   0.000000
[1] ""
[1] "--------------------------------"
