[1] "--------------------------------"
[1] "Test for indiv_silh :"
            [,1]        [,2]       [,3]
 [1,] -0.5435946  -0.2269118 -2.3342997
 [2,] -1.9115185  -0.3134561 -0.8720185
 [3,] -7.0579924  -0.3901738 -0.3779449
 [4,] -5.0173207  -0.8041762 -1.2105841
 [5,] -4.9575430  -2.3591867 -0.7715422
 [6,] -6.9372301  -4.1641917 -0.3353983
 [7,] -6.4185474  -4.1337566 -0.5297643
 [8,] -5.7226786  -7.8744244 -1.3284771
 [9,] -5.1428725 -11.9503289 -0.1607977
[10,]  0.0000000   0.0000000  0.0000000
[1] ""
[1] "Test for all-silh :"
 [1]  -0.8618951  -0.7596921  -4.5124340  -3.1073707  -4.1184875  -5.8410196
 [7]  -7.3417109 -11.1510599 -13.0726011   0.0000000
[1] ""
[1] "--------------------------------"
