[1] "--------------------------------"
[1] "Test for indiv_silh :"
            [,1]        [,2]        [,3]
 [1,] -0.5727998  -2.2790351 -0.16885033
 [2,] -0.8800848  -0.6846132 -0.13794104
 [3,] -0.6015663  -1.7356321 -0.78753858
 [4,] -4.0283959  -3.0797189 -0.02959524
 [5,] -2.4341643  -4.9661979 -0.33273097
 [6,] -1.7155279 -10.4025815 -0.60365225
 [7,] -5.6682494 -11.2569747 -0.71092036
 [8,] -0.6370058  -8.7131772 -0.08033094
 [9,] -1.4697527 -11.2003561 -0.04471899
[10,]  0.0000000   0.0000000  0.00000000
[1] ""
[1] "Test for all-silh :"
 [1]  -0.8299799  -0.2371647  -0.5071603  -5.0589548  -4.3519612 -10.0042972
 [7] -10.3015042  -8.0121741 -12.7969779   0.0000000
[1] ""
[1] "--------------------------------"
