[1] "--------------------------------"
[1] "Test for indiv_silh :"
            [,1]       [,2]       [,3]
 [1,] -0.8584327  -3.381364 -1.2795259
 [2,] -1.5225455  -1.936546 -2.7991537
 [3,] -1.1399907  -5.678058 -0.1038778
 [4,] -1.0889531  -6.497397 -0.9338254
 [5,] -0.2377538 -11.389746 -0.6867230
 [6,] -0.8703515 -13.561040 -1.7325127
 [7,] -1.6667050 -10.226402 -1.2143759
 [8,] -2.2006699 -11.284796 -0.6938021
 [9,] -2.2983729 -12.597136 -1.4276321
[10,]  0.0000000   0.000000  0.0000000
[1] ""
[1] "Test for all-silh :"
 [1]  -2.171039  -2.235772  -3.328574  -5.019197  -9.159754 -13.443564
 [7] -12.720485 -12.367062 -13.883624   0.000000
[1] ""
[1] "--------------------------------"
