[1] "--------------------------------"
[1] "Test for indiv_silh :"
            [,1]       [,2]       [,3]
 [1,] -0.3179213  -1.298171 -2.0168363
 [2,] -0.4320493  -0.831170 -1.9860632
 [3,] -1.1023357  -1.665847 -1.0372577
 [4,] -0.2616046  -3.923566 -0.1325267
 [5,] -0.2418177  -8.953168 -1.3547621
 [6,] -0.5066653 -12.122169 -2.8098542
 [7,] -1.7266410  -7.637665 -0.4087592
 [8,] -3.3905091 -10.322299 -1.5680481
 [9,] -1.2249063  -6.914114 -1.0442347
[10,]  0.0000000   0.000000  0.0000000
[1] ""
[1] "Test for all-silh :"
 [1]  -0.9596772  -1.0144877  -1.3086053  -2.1131295  -7.0483766 -10.8420344
 [7]  -6.4152284 -11.9157942  -6.0711604   0.0000000
[1] ""
[1] "--------------------------------"
