[1] "--------------------------------"
[1] "Test for indiv_silh :"
            [,1]       [,2]        [,3]
 [1,] -0.1595102  -1.397866 -2.06040582
 [2,] -0.3198158  -1.099378 -1.72242579
 [3,] -0.7223163  -2.518014 -0.81481824
 [4,] -0.7559534  -4.999880 -0.07061930
 [5,] -0.5427595 -11.533575 -1.11229011
 [6,] -0.6564506 -13.547248 -2.37132154
 [7,] -1.6646860 -10.546901 -0.09150299
 [8,] -2.0991062 -11.290909 -1.07924163
 [9,] -1.5013414  -7.445431 -0.53935426
[10,]  0.0000000   0.000000  0.00000000
[1] ""
[1] "Test for all-silh :"
 [1]  -1.0755825  -0.9709301  -1.4336040  -3.0246912  -9.2262348 -13.1640791
 [7]  -9.5690649 -11.9464564  -6.8583778   0.0000000
[1] ""
[1] "--------------------------------"
