[1] "--------------------------------"
[1] "Test for indiv_silh :"
            [,1]        [,2]        [,3]
 [1,] -1.2797997  -0.8601843 -1.57942688
 [2,] -1.7276134  -0.1148596 -0.05148344
 [3,] -0.2646082  -0.5428977 -0.38004812
 [4,] -3.2727991  -1.3961345 -1.10493485
 [5,] -0.8177804  -2.2584655 -0.30024544
 [6,] -1.1394359  -6.1447354 -0.11818011
 [7,] -0.5057524 -11.1412201 -0.14962669
 [8,] -5.6073337 -13.2560107 -0.05735496
 [9,] -0.7597485 -11.4793110 -2.18977988
[10,]  0.0000000   0.0000000  0.00000000
[1] ""
[1] "Test for all-silh :"
 [1]  -0.9911796  -0.5216312  -0.1032967  -1.7593580  -1.3343966  -5.2318133
 [7]  -8.7550423 -14.0276508 -11.3764972   0.0000000
[1] ""
[1] "--------------------------------"
