[1] "--------------------------------"
[1] "Test for indiv_silh :"
            [,1]       [,2]      [,3]
 [1,] -1.0215976  -1.851929 -2.417321
 [2,] -0.5465848  -2.640541 -2.961738
 [3,] -0.5130376  -3.518147 -1.352585
 [4,] -0.2994177  -6.911606 -3.139098
 [5,] -2.3920610 -11.406006 -4.032553
 [6,] -2.4184746  -9.512745 -4.058642
 [7,] -1.3637465 -14.883163 -3.302876
 [8,] -1.1016156 -13.972642 -4.173862
 [9,] -1.0365756 -14.432411 -4.294552
[10,]  0.0000000   0.000000  0.000000
[1] ""
[1] "Test for all-silh :"
 [1]  -1.357090  -2.878605  -2.580252  -5.459057  -9.696358 -10.797918
 [7] -14.712982 -15.939247 -15.494238   0.000000
[1] ""
[1] "--------------------------------"
