[1] "--------------------------------"
[1] "Test for indiv_silh :"
            [,1]       [,2]        [,3]
 [1,] -0.3889356  -1.023335 -2.09386522
 [2,] -0.1633540  -1.257293 -1.26216419
 [3,] -0.1916511  -2.682905 -0.59614319
 [4,] -2.1146961  -5.317890 -0.35794691
 [5,] -0.1695285 -12.252195 -0.69277751
 [6,] -0.3529402 -14.188181 -1.77024727
 [7,] -1.0325007 -13.793933 -0.29730852
 [8,] -0.3150934 -12.271273 -0.39814507
 [9,] -0.8844892  -8.751376 -0.05592608
[10,]  0.0000000   0.000000  0.00000000
[1] ""
[1] "Test for all-silh :"
 [1]  -1.0116094  -0.7652848  -1.2453436  -3.9073143  -9.6382244 -14.5441638
 [7] -13.5034540 -12.0227981  -8.3497944   0.0000000
[1] ""
[1] "--------------------------------"
