[1] "--------------------------------"
[1] "Test for indiv_silh :"
            [,1]        [,2]        [,3]
 [1,] -0.5982415  -0.5649657 -2.03822349
 [2,] -0.3138964  -0.9722365 -0.61255136
 [3,] -0.4360282  -1.7470618 -0.39050101
 [4,] -4.4688709  -3.5484129 -0.84466527
 [5,] -0.6861773 -11.3587356 -0.05611774
 [6,] -0.4900505 -13.0639760 -0.80633316
 [7,] -0.2105539 -16.2220392 -0.85672209
 [8,] -3.2471817 -14.2420910 -0.21530222
 [9,] -0.4949353 -11.2621803 -1.37612702
[10,]  0.0000000   0.0000000  0.00000000
[1] ""
[1] "Test for all-silh :"
 [1]  -0.8101424  -0.3353329  -0.7945601  -4.5397771  -9.1070704 -13.5914148
 [7] -16.0605163 -14.2290007 -11.9728402   0.0000000
[1] ""
[1] "--------------------------------"
