[1] "--------------------------------"
[1] "Test for indiv_silh :"
            [,1]        [,2]        [,3]
 [1,] -1.4637835  -3.3870566 -1.34409221
 [2,] -3.3229722  -0.4077196 -2.03964901
 [3,] -0.1201414  -1.8445593 -0.23125796
 [4,] -1.6753704  -6.2771178 -1.94752416
 [5,] -3.9001713  -7.6886999 -0.43397313
 [6,] -0.7372871  -8.8265367 -0.82710511
 [7,] -0.6670747  -8.9663936 -1.49401927
 [8,] -2.2101006  -9.7512973 -0.05376068
 [9,] -5.3524723 -20.0132423 -0.18987662
[10,]  0.0000000   0.0000000  0.00000000
[1] ""
[1] "Test for all-silh :"
 [1]  -2.7451974  -2.2313349  -0.5586275  -4.3296023  -6.7435967  -8.5664935
 [7]  -9.5215227 -10.4182148 -26.2827956   0.0000000
[1] ""
[1] "--------------------------------"
