[1] "--------------------------------"
[1] "Test for indiv_silh :"
            [,1]         [,2]       [,3]
 [1,] -2.4494994  -0.14364528 -3.4592484
 [2,] -0.1163099  -2.23270762 -0.0292812
 [3,] -0.8937850  -1.75980572 -0.1854721
 [4,] -3.5523057  -0.23717366 -0.3116895
 [5,] -4.0596819  -0.08888047 -0.6553319
 [6,] -3.8155237  -2.69956668 -0.8152519
 [7,] -4.9209986  -8.47213144 -0.3102654
 [8,] -5.4348223  -6.48850862 -3.6452107
 [9,] -3.6656924 -14.78561877 -2.3979063
[10,]  0.0000000   0.00000000  0.0000000
[1] ""
[1] "Test for all-silh :"
 [1]  -3.2480853  -0.7822036  -0.6334746  -1.9817318  -2.2578976  -3.8905644
 [7] -10.8301511 -11.6568914 -15.1232628   0.0000000
[1] ""
[1] "--------------------------------"
