[1] "--------------------------------"
[1] "Test for indiv_silh :"
            [,1]        [,2]       [,3]
 [1,] -0.2829397  -1.8433562 -0.1627188
 [2,] -1.0066426  -0.7201485 -0.2096133
 [3,] -0.2839588  -1.8333143 -0.8569031
 [4,] -3.5139644  -3.8396366 -0.1125276
 [5,] -2.3987642  -5.3689760 -0.2505030
 [6,] -1.5384578 -10.6303397 -0.7854546
 [7,] -5.6364842 -11.5405734 -0.8523096
 [8,] -0.3823484  -9.2634574 -0.3387859
 [9,] -1.4007091 -11.6930746 -0.2164971
[10,]  0.0000000   0.0000000  0.0000000
[1] ""
[1] "Test for all-silh :"
 [1]  -0.5475795  -0.2876040  -0.5807744  -5.0719634  -4.9011373 -10.8450359
 [7] -10.7941708  -8.8984186 -13.6234688   0.0000000
[1] ""
[1] "--------------------------------"
