[1] "--------------------------------"
[1] "Test for indiv_silh :"
            [,1]          [,2]       [,3]
 [1,] -0.6766577  -0.001205674 -1.4874663
 [2,] -1.4826671  -0.042520699 -0.4488757
 [3,] -1.7156662  -3.895657742 -0.5136116
 [4,] -0.4063113  -8.272087342 -0.5382314
 [5,] -0.4851106  -7.323099681 -0.1735634
 [6,] -1.4439625 -23.282889859 -0.3888475
 [7,] -0.1713191 -13.277201466 -0.7403605
 [8,] -0.6502748 -14.903445251 -1.0073234
 [9,] -0.6845532 -15.109858712 -0.1567766
[10,]  0.0000000   0.000000000  0.0000000
[1] ""
[1] "Test for all-silh :"
 [1]  -0.4228195  -0.3757955  -2.8864127  -5.7989576  -5.2926031 -19.7107436
 [7] -14.3194998 -16.1179617 -16.2979229   0.0000000
[1] ""
[1] "--------------------------------"
