[1] "--------------------------------"
[1] "Test for indiv_silh :"
            [,1]        [,2]        [,3]
 [1,] -0.7841272  -0.1336981 -1.81378282
 [2,] -2.5579538  -0.1060137 -0.57519558
 [3,] -4.0239547  -3.0642751 -0.30364951
 [4,] -1.9280657  -7.7388792 -0.53042971
 [5,] -3.5195057  -6.2078004 -0.03597791
 [6,] -3.8882451 -21.3189168 -0.18008230
 [7,] -2.1818826 -11.7380376 -0.34431014
 [8,] -2.1817970 -13.3705462 -0.46568537
 [9,] -4.2279589 -15.7685168 -0.40048753
[10,]  0.0000000   0.0000000  0.00000000
[1] ""
[1] "Test for all-silh :"
 [1]  -0.6340060  -0.9473675  -3.6926558  -5.3852451  -5.9827035 -18.3299535
 [7] -14.6099721 -16.1808298 -18.1147307   0.0000000
[1] ""
[1] "--------------------------------"
