[1] "--------------------------------"
[1] "Test for indiv_silh :"
            [,1]        [,2]       [,3]
 [1,] -0.8919473  -0.3257982 -0.9259798
 [2,] -0.8006963  -0.1512765 -0.3381687
 [3,] -0.6427416  -1.3551656 -0.7344921
 [4,] -0.2420901  -5.4444584 -0.4606268
 [5,] -1.2712030  -4.6664645 -0.1740264
 [6,] -0.4936356 -10.8720203 -1.7381043
 [7,] -2.0111949 -13.0523323 -1.3101576
 [8,] -1.4465264 -11.7104163 -2.5168141
 [9,] -0.9618952 -15.3697101 -0.6464922
[10,]  0.0000000   0.0000000  0.0000000
[1] ""
[1] "Test for all-silh :"
 [1]  -0.5347649  -0.1242308  -0.9537907  -3.3936348  -3.3618472  -9.5528120
 [7] -13.2879100 -15.0447539 -19.3833991   0.0000000
[1] ""
[1] "--------------------------------"
