[1] "--------------------------------"
[1] "Test for indiv_silh :"
            [,1]       [,2]       [,3]
 [1,] -0.5703763  -3.115011 -1.2752356
 [2,] -1.6650597  -2.193971 -2.7902374
 [3,] -0.9426796  -6.247907 -0.0703187
 [4,] -0.9946533  -7.608370 -1.0136786
 [5,] -0.1605958 -12.245891 -0.8178896
 [6,] -0.6641531 -14.277533 -1.9090574
 [7,] -1.6811858 -10.966859 -1.3633270
 [8,] -2.1781031 -11.196726 -0.9075367
 [9,] -2.1437914 -12.990702 -1.6032580
[10,]  0.0000000   0.000000  0.0000000
[1] ""
[1] "Test for all-silh :"
 [1]  -1.917001  -2.530443  -3.827568  -5.955342 -10.250337 -14.559664
 [7] -13.673917 -12.450840 -14.339097   0.000000
[1] ""
[1] "--------------------------------"
