[1] "--------------------------------"
[1] "Test for indiv_silh :"
            [,1]       [,2]       [,3]
 [1,] -0.4463499  -2.202872 -1.6359877
 [2,] -0.9134151  -2.818364 -2.9212479
 [3,] -0.2605846  -5.968539 -0.3310884
 [4,] -0.4646718  -8.909474 -1.8632599
 [5,] -0.5080769 -13.602415 -2.2637755
 [6,] -0.3827142 -13.380508 -3.2394590
 [7,] -0.5297801 -13.529772 -2.4952649
 [8,] -1.7861505 -12.247731 -2.3660129
 [9,] -0.9098507 -14.290402 -2.9901706
[10,]  0.0000000   0.000000  0.0000000
[1] ""
[1] "Test for all-silh :"
 [1]  -1.209624  -3.022111  -3.840084  -6.833831 -11.598800 -14.239332
 [7] -15.003600 -13.501732 -15.510417   0.000000
[1] ""
[1] "--------------------------------"
