[1] "--------------------------------"
[1] "Test for indiv_silh :"
            [,1]        [,2]        [,3]
 [1,] -0.5395219  -0.2413947 -0.26901824
 [2,] -0.5130808  -1.6643768 -0.49289615
 [3,] -1.7585044  -0.3744907 -0.07315816
 [4,] -3.0760767  -0.5705975 -2.09660460
 [5,] -3.4125105  -1.3737271 -1.52328008
 [6,] -4.0083910  -5.9916186 -0.49369966
 [7,] -4.9397743 -10.5798590 -0.16299772
 [8,] -2.9378925  -9.9115468 -0.23457507
 [9,] -0.4478432 -17.9876239 -1.88636781
[10,]  0.0000000   0.0000000  0.00000000
[1] ""
[1] "Test for all-silh :"
 [1]  -0.04763978  -0.89961813  -0.58917460  -2.59380517  -3.20637753
 [6]  -7.33775253 -15.95126244 -10.65054140 -17.06597944   0.00000000
[1] ""
[1] "--------------------------------"
