[1] "--------------------------------"
[1] "Test for indiv_silh :"
            [,1]        [,2]       [,3]
 [1,] -1.3260206  -1.9000354 -1.3512796
 [2,] -1.3240635  -0.7338541 -1.7912062
 [3,] -0.5408342  -3.0900873 -0.5818215
 [4,] -0.2343927  -7.2188580 -3.3315501
 [5,] -1.1902868  -9.6263318 -1.7413848
 [6,] -1.3764059  -9.9313400 -2.0398461
 [7,] -1.1353316 -12.0912933 -0.2977728
 [8,] -1.8009183 -12.4844813 -1.2264166
 [9,] -3.5000468 -20.9617254 -2.1087841
[10,]  0.0000000   0.0000000  0.0000000
[1] ""
[1] "Test for all-silh :"
 [1]  -1.9076730  -0.9471482  -1.6548011  -5.1074093  -8.1591815  -8.4975709
 [7] -14.1359304 -14.0635378 -29.6285564   0.0000000
[1] ""
[1] "--------------------------------"
