[1] "--------------------------------"
[1] "Test for indiv_silh :"
             [,1]        [,2]       [,3]
 [1,] -1.43996375  -2.8999623 -1.4050633
 [2,] -2.59310639  -0.0696266 -2.0361481
 [3,] -0.05543048  -2.5813601 -0.3502359
 [4,] -0.82147732  -7.2031011 -2.4825592
 [5,] -2.90373349  -8.8400352 -0.8996567
 [6,] -0.04815574  -9.3353676 -1.3239960
 [7,] -0.03617859 -10.3771337 -1.0302434
 [8,] -2.27229415 -11.0341241 -0.3856467
 [9,] -5.03823954 -21.0325315 -0.7977919
[10,]  0.00000000   0.0000000  0.0000000
[1] ""
[1] "Test for all-silh :"
 [1]  -2.606606  -1.711453  -1.079796  -4.886709  -7.360944  -8.022189
 [7] -11.353749 -12.388015 -29.785986   0.000000
[1] ""
[1] "--------------------------------"
