[1] "--------------------------------"
[1] "Test for indiv_silh :"
             [,1]        [,2]       [,3]
 [1,] -0.12886353  -1.1696696 -0.3228061
 [2,] -1.03555029  -0.5705363 -0.2898660
 [3,] -0.08898233  -1.7835943 -0.8640022
 [4,] -2.09104009  -4.8942011 -0.2231968
 [5,] -2.29516622  -5.4753453 -0.2045374
 [6,] -0.85901299 -10.8920364 -1.1097590
 [7,] -4.85215456 -12.0686693 -1.0433002
 [8,] -0.11173735 -10.2897109 -0.9422394
 [9,] -1.33021548 -13.0572326 -0.4414474
[10,]  0.00000000   0.0000000  0.0000000
[1] ""
[1] "Test for all-silh :"
 [1]  -0.3167226  -0.2492891  -0.7679308  -4.4098405  -5.1289837 -11.1265336
 [7] -11.6273256 -10.9394526 -15.8804155   0.0000000
[1] ""
[1] "--------------------------------"
