[1] "--------------------------------"
[1] "Test for euler :"
 [1]  -2.421436  -1.885210  -2.808885  -6.952845  -4.523154 -12.200609
 [7] -18.286148 -18.590194 -22.812091   0.000000
[1] ""
[1] "Test for indiv_silh :"
            [,1]        [,2]       [,3]
 [1,] -1.2593279  -1.0208429 -0.3612437
 [2,] -0.4433177  -0.4779124 -0.5810709
 [3,] -1.5794095  -3.4904013 -0.4094125
 [4,] -2.7598538  -2.0267612 -0.8448735
 [5,] -0.4629969 -12.0893509 -1.1306474
 [6,] -5.3514062 -10.2105832 -1.1333163
 [7,] -0.7675275 -13.4054302 -1.5393988
 [8,] -4.3654635 -21.7208451 -2.3253124
 [9,] -1.1233168 -12.1377783 -4.5209815
[10,]  0.0000000   0.0000000  0.0000000
[1] ""
[1] "Test for all-silh :"
 [1]  -0.5832762  -0.1613777  -2.6299265  -2.5004928 -10.1089811 -11.8635185
 [7] -12.8167703 -24.1086548 -13.9137110   0.0000000
[1] ""
[1] "Test for contour :"
              [,1]      [,2]        [,3]
 [1,] -0.510825624 -1.301953 -0.01816397
 [2,] -1.102620310 -1.589635 -0.66164851
 [3,] -1.177655496 -4.135167 -4.26869795
 [4,]         -Inf -6.214608        -Inf
 [5,] -4.135166557      -Inf        -Inf
 [6,]         -Inf      -Inf        -Inf
 [7,] -5.521460918      -Inf        -Inf
 [8,] -5.521460918      -Inf        -Inf
 [9,] -5.115995810      -Inf        -Inf
[10,] -0.002002003  0.000000  0.00000000
[1] ""
[1] "Test for global-kde :"
             [,1]        [,2]       [,3]
 [1,]  -0.7090234  -0.7199295 -0.7893218
 [2,]  -0.8293880  -0.8649280 -0.8431759
 [3,]  -1.0607355  -1.0145320 -0.8655699
 [4,]  -1.7082609  -1.5486065 -1.2242616
 [5,]  -2.0437431  -1.8993578 -1.4358139
 [6,]  -3.8609628  -3.4688063 -2.1524421
 [7,]  -4.7116004  -4.0743795 -3.1090815
 [8,]  -8.4347549  -6.3913686 -3.3627072
 [9,] -10.3380693 -11.1083183 -4.3530623
[10,]  -0.2198879  -0.2158947 -0.2435265
[1] ""
[1] "--------------------------------"
