[1] "--------------------------------"
[1] "Test for euler :"
 [1] -20.0482507 -19.5590884 -13.9629817 -12.1961496 -14.4893589  -3.2937334
 [7]  -4.7168734  -0.4720511  -4.2062636   0.0000000
[1] ""
[1] "Test for indiv_silh :"
             [,1]       [,2]        [,3]
 [1,] -5.11423412 -15.168413 -1.89078470
 [2,] -8.96159431 -14.406554 -0.92215294
 [3,] -1.62558224 -13.454598 -1.05368955
 [4,] -3.47953317 -13.752180 -0.33242017
 [5,] -0.17812339 -13.205901 -0.68136812
 [6,] -2.19826986 -10.666006 -1.60460898
 [7,] -0.10302797  -6.500281 -0.06729893
 [8,] -0.05598677  -3.317188 -0.50826352
 [9,] -2.22413361  -1.860329 -0.37122247
[10,]  0.00000000   0.000000  0.00000000
[1] ""
[1] "Test for all-silh :"
 [1] -18.157387 -17.531516 -13.982221 -15.301245 -13.340165  -9.875174
 [7]  -4.250144  -1.523054  -1.747806   0.000000
[1] ""
[1] "Test for contour :"
           [,1]         [,2]        [,3]
 [1,] -5.521461         -Inf        -Inf
 [2,] -5.521461         -Inf        -Inf
 [3,] -2.995732         -Inf        -Inf
 [4,] -3.381395         -Inf        -Inf
 [5,]      -Inf -3.218875825        -Inf
 [6,] -3.912023         -Inf        -Inf
 [7,] -3.729701 -0.807436327        -Inf
 [8,] -5.115996 -0.191160505 -0.48450832
 [9,] -1.027222 -0.059750004 -0.27443685
[10,]  0.000000 -0.002002003 -0.08992471
[1] ""
[1] "Test for global-kde :"
             [,1]        [,2]       [,3]
 [1,] -11.4345225 -11.3809491 -4.4680657
 [2,]  -8.8433835  -7.7712176 -3.5636404
 [3,]  -6.1104548  -5.7915341 -2.9218987
 [4,]  -4.2946852  -4.1445219 -2.1951848
 [5,]  -2.3083434  -2.5608633 -1.7889006
 [6,]  -1.4756977  -1.5660299 -1.3412514
 [7,]  -1.0989297  -1.1856088 -1.0501475
 [8,]  -0.7803955  -0.7949445 -0.9102197
 [9,]  -0.8109997  -0.7754838 -0.7562225
[10,]  -0.2180396  -0.2502787 -0.2127904
[1] ""
[1] "--------------------------------"
