[1] "--------------------------------"
[1] "Test for euler :"
 [1] -17.35698940 -11.69084738 -14.50781311 -11.51185445  -9.93969544
 [6]  -4.87243550  -5.27609452  -0.01114695  -0.14362992   0.00000000
[1] ""
[1] "Test for indiv_silh :"
            [,1]        [,2]       [,3]
 [1,] -1.6151900 -16.0164813 -2.6426113
 [2,] -1.2517581 -15.0910871 -2.9207791
 [3,] -0.3540865 -15.0860881 -1.3311518
 [4,] -0.4370916 -14.4917545 -2.2532626
 [5,] -0.3497662 -12.8254690 -1.1002403
 [6,] -0.2153355 -12.5475669 -1.1920186
 [7,] -0.3755219  -6.1186373 -0.6167074
 [8,] -0.5882998  -4.5496420 -0.2908076
 [9,] -0.1301176  -0.6595607 -0.7380490
[10,]  0.0000000   0.0000000  0.0000000
[1] ""
[1] "Test for all-silh :"
 [1] -19.1336282 -16.7384460 -17.0880638 -14.8195507 -12.9011311 -11.8755707
 [7]  -4.0285878  -3.2892262  -0.1004611   0.0000000
[1] ""
[1] "Test for contour :"
            [,1]        [,2]       [,3]
 [1,] -3.0365543        -Inf       -Inf
 [2,] -2.5770219        -Inf       -Inf
 [3,] -1.3704210        -Inf       -Inf
 [4,] -0.3710637 -4.82831374       -Inf
 [5,] -1.7037486 -5.52146092       -Inf
 [6,] -3.2701691 -3.72970145 -5.1159958
 [7,] -2.8824036 -2.81341072 -3.9120230
 [8,] -1.6820086 -3.12356565 -1.8325815
 [9,] -0.4185503 -0.25102875 -2.5257286
[10,]  0.0000000 -0.01005034 -0.1648746
[1] ""
[1] "Test for global-kde :"
             [,1]       [,2]       [,3]
 [1,] -12.1248286 -8.8751846 -4.7467443
 [2,]  -6.7341984 -7.0806734 -4.2215939
 [3,]  -5.5400639 -4.8985774 -3.0603745
 [4,]  -4.1077846 -3.4474239 -2.1898153
 [5,]  -2.4397004 -2.3149185 -1.7623533
 [6,]  -1.6338813 -1.5486494 -1.4780446
 [7,]  -1.1207282 -1.1487426 -1.0353659
 [8,]  -0.8767916 -0.9073236 -0.8668403
 [9,]  -0.7780242 -0.7633363 -0.7023607
[10,]  -0.2375328 -0.2603650 -0.2167857
[1] ""
[1] "--------------------------------"
