[1] "--------------------------------"
[1] "Test for euler :"
 [1]  -0.5250376  -0.1295565  -3.0746560  -5.9833400  -3.5905368 -11.8562776
 [7] -16.1662046 -16.7272024 -19.0017703   0.0000000
[1] ""
[1] "Test for indiv_silh :"
            [,1]         [,2]       [,3]
 [1,] -1.7257023  -0.09943304 -0.1066431
 [2,] -2.7206104  -0.26095214 -0.1102498
 [3,] -0.6496858  -0.42442186 -0.7483023
 [4,] -1.6391508  -4.02186867 -0.3630940
 [5,] -0.4330235  -5.09861052 -0.9100829
 [6,] -2.3497917 -16.73105356 -1.4807585
 [7,] -4.7474138 -16.54625935 -0.3283822
 [8,] -2.6649920 -18.56448526 -1.3025632
 [9,] -1.9632376 -17.93064533 -2.1696984
[10,]  0.0000000   0.00000000  0.0000000
[1] ""
[1] "Test for all-silh :"
 [1]  -0.4757055  -1.1794408  -0.1959662  -2.6913789  -3.8368419 -16.2091738
 [7] -17.8525918 -21.8863047 -20.5876535   0.0000000
[1] ""
[1] "Test for contour :"
           [,1]       [,2]        [,3]
 [1,] -1.102620 -0.3538219 -0.07257069
 [2,] -2.385967 -1.3470736 -0.15782409
 [3,] -6.214608 -3.0791139 -4.60517019
 [4,]      -Inf -3.5755508        -Inf
 [5,]      -Inf       -Inf        -Inf
 [6,]      -Inf       -Inf        -Inf
 [7,]      -Inf       -Inf        -Inf
 [8,]      -Inf       -Inf        -Inf
 [9,] -2.302585       -Inf        -Inf
[10,]  0.000000  0.0000000  0.00000000
[1] ""
[1] "Test for global-kde :"
             [,1]       [,2]       [,3]
 [1,]  -0.7281407 -0.7634413 -0.7862221
 [2,]  -0.7820344 -0.8664449 -0.8209043
 [3,]  -0.9065755 -1.2162496 -0.9264345
 [4,]  -1.4831387 -1.4161432 -1.1609052
 [5,]  -2.4476011 -2.6001664 -1.7077599
 [6,]  -4.6546457 -3.8875797 -2.8121428
 [7,]  -6.5390603 -6.9534469 -2.9855388
 [8,]  -9.0771087 -6.8753769 -3.7621373
 [9,] -10.0564180 -7.5452059 -5.0582592
[10,]  -0.2143033 -0.2198623 -0.2498225
[1] ""
[1] "--------------------------------"
