[1] "--------------------------------"
[1] "Test for euler :"
 [1]  -1.1129798  -0.3731473  -3.2244099  -3.6033823 -10.0700174 -10.8457224
 [7] -12.5802187 -16.7372295 -22.4610534   0.0000000
[1] ""
[1] "Test for indiv_silh :"
             [,1]        [,2]       [,3]
 [1,] -0.96468649  -0.2343084 -1.0812318
 [2,] -1.91778708  -0.6693593 -0.3851057
 [3,] -5.01496657  -1.0801770 -0.2346743
 [4,] -4.69698189  -3.1368570 -0.5202243
 [5,] -3.70804014  -6.0462170 -0.8280192
 [6,] -3.94289440 -12.7173461 -2.0030991
 [7,] -4.98478286 -10.5375146 -2.3011883
 [8,] -4.03389754 -12.2893065 -0.8341409
 [9,] -0.09325559 -11.4523119 -1.8951042
[10,]  0.00000000   0.0000000  0.0000000
[1] ""
[1] "Test for all-silh :"
 [1]  -0.4452960  -0.9031917  -3.2418400  -4.2127625  -5.2297130 -11.6200308
 [7] -14.4202318 -16.7833142 -11.4287772   0.0000000
[1] ""
[1] "Test for contour :"
            [,1]       [,2]        [,3]
 [1,] -0.3681693 -0.5108256 -0.01005034
 [2,] -1.9379420 -0.4557063 -0.21072103
 [3,] -3.3813948 -1.2378744 -2.08747371
 [4,]       -Inf -2.8824036 -4.42284863
 [5,] -6.2146081       -Inf        -Inf
 [6,]       -Inf       -Inf        -Inf
 [7,]       -Inf       -Inf        -Inf
 [8,]       -Inf       -Inf        -Inf
 [9,] -4.8283137       -Inf        -Inf
[10,]  0.0000000  0.0000000  0.00000000
[1] ""
[1] "Test for global-kde :"
             [,1]        [,2]       [,3]
 [1,]  -0.7303990  -0.7509240 -0.7588367
 [2,]  -0.8015920  -0.9132006 -0.8099232
 [3,]  -1.0342804  -1.4863040 -1.0765402
 [4,]  -1.6224282  -1.7798079 -1.2786988
 [5,]  -2.4369302  -2.4863920 -1.4511520
 [6,]  -3.8910032  -4.3954727 -1.9950422
 [7,]  -5.5352272  -5.5072549 -2.7305840
 [8,] -10.2501154  -9.0600164 -3.5639747
 [9,]  -9.4687949 -10.0376267 -3.9632749
[10,]  -0.2178582  -0.2094992 -0.2449606
[1] ""
[1] "--------------------------------"
