[1] "--------------------------------"
[1] "Test for euler :"
 [1] -14.6748647 -13.2131227 -17.6144613 -11.0115351  -6.0475596  -8.3438321
 [7]  -5.3267064  -0.4997695  -2.2526370   0.0000000
[1] ""
[1] "Test for indiv_silh :"
            [,1]       [,2]         [,3]
 [1,] -4.1977538 -11.188177 -1.201502398
 [2,] -4.2158371 -10.596747 -1.782033213
 [3,] -1.6388709 -10.782440 -0.340978154
 [4,] -2.2498547 -10.428693 -0.503870144
 [5,] -1.1497326  -8.702446 -0.342823333
 [6,] -0.9248100  -8.525174 -0.642486019
 [7,] -0.2473074  -6.464727 -0.507658600
 [8,] -2.1663567  -0.517706 -0.004484852
 [9,] -2.7917307  -1.275880 -2.747527508
[10,]  0.0000000   0.000000  0.000000000
[1] ""
[1] "Test for all-silh :"
 [1] -10.5736118  -9.9272385 -10.3958515  -9.0530879  -7.0064189  -6.9801454
 [7]  -4.9943886  -0.7273995  -2.7267216   0.0000000
[1] ""
[1] "Test for contour :"
           [,1]        [,2]        [,3]
 [1,] -6.214608        -Inf        -Inf
 [2,] -2.154165        -Inf        -Inf
 [3,] -2.385967        -Inf        -Inf
 [4,] -2.225624        -Inf        -Inf
 [5,] -5.521461        -Inf        -Inf
 [6,] -1.190728        -Inf        -Inf
 [7,] -1.496109        -Inf -0.95711273
 [8,] -1.487220 -1.87080268 -0.39156220
 [9,] -1.532477 -1.89711998 -0.21567154
[10,]  0.000000 -0.01207258 -0.08121006
[1] ""
[1] "Test for global-kde :"
             [,1]       [,2]       [,3]
 [1,] -12.5200709 -8.5332265 -3.8717997
 [2,] -11.3831038 -6.4609683 -3.4091237
 [3,]  -7.1719310 -5.2546767 -2.9043212
 [4,]  -4.8159605 -3.4081757 -2.3546662
 [5,]  -3.1528524 -2.6999631 -1.7829534
 [6,]  -1.7650647 -1.7202466 -1.3552404
 [7,]  -1.1050824 -1.1424368 -0.9191422
 [8,]  -0.8108516 -0.9559196 -0.9794521
 [9,]  -0.8076325 -0.7579388 -0.8912618
[10,]  -0.2257386 -0.2549128 -0.2137589
[1] ""
[1] "--------------------------------"
