[1] "--------------------------------"
[1] "Test for euler :"
 [1]  -1.463365  -1.418230  -2.326010  -3.450435  -4.845698  -8.972139
 [7] -14.780918 -11.840629 -16.791185   0.000000
[1] ""
[1] "Test for indiv_silh :"
             [,1]        [,2]       [,3]
 [1,] -0.92662330  -0.6758346 -0.9206622
 [2,] -0.02251971  -1.6331536 -1.2077612
 [3,] -1.80813870  -2.5563130 -0.6289632
 [4,] -2.47755270  -5.0583701 -3.8410620
 [5,] -0.90352366  -8.3659364 -2.4045996
 [6,] -4.04847169 -10.4775427 -2.0733599
 [7,] -3.84392235 -13.2844210 -0.1988259
 [8,] -0.35578150 -13.1290581 -1.5943717
 [9,] -0.39858163 -20.7826288 -3.4215737
[10,]  0.00000000   0.0000000  0.0000000
[1] ""
[1] "Test for all-silh :"
 [1]  -0.5927960  -0.5821138  -1.8647338  -4.9051420  -7.3967967 -10.2408444
 [7] -17.1829668 -13.0824157 -25.8233134   0.0000000
[1] ""
[1] "Test for contour :"
            [,1]      [,2]       [,3]
 [1,] -0.8964881 -2.577022 -0.2433463
 [2,] -0.6851790 -1.258781 -0.5175146
 [3,] -6.2146081 -2.659260 -2.7181005
 [4,]       -Inf      -Inf       -Inf
 [5,] -6.2146081      -Inf       -Inf
 [6,]       -Inf      -Inf       -Inf
 [7,]       -Inf      -Inf       -Inf
 [8,]       -Inf      -Inf       -Inf
 [9,] -3.8167128      -Inf       -Inf
[10,]  0.0000000  0.000000  0.0000000
[1] ""
[1] "Test for global-kde :"
             [,1]        [,2]       [,3]
 [1,]  -0.7277456  -0.8231554 -0.8435929
 [2,]  -0.8471376  -0.9105419 -0.9153221
 [3,]  -1.1241557  -1.2156420 -0.9294597
 [4,]  -1.4927971  -1.6592427 -1.2015575
 [5,]  -2.4403142  -2.1970944 -1.6558109
 [6,]  -3.5880647  -3.4792846 -1.9682748
 [7,]  -5.8983571  -5.1808626 -2.4903555
 [8,]  -8.2472517  -7.6159336 -3.8985289
 [9,] -12.0640545 -10.0518752 -4.7117855
[10,]  -0.2216764  -0.2237911 -0.2404209
[1] ""
[1] "--------------------------------"
