[1] "--------------------------------"
[1] "Test for euler :"
 [1] -20.04583560 -13.66761427  -9.48502717 -11.30272430  -7.60647738
 [6]  -3.40566002  -1.76370976  -0.34371017  -0.03552719   0.00000000
[1] ""
[1] "Test for indiv_silh :"
              [,1]       [,2]        [,3]
 [1,] -2.527933314 -16.878450 -1.51293929
 [2,] -1.664194674 -16.078945 -1.53870970
 [3,] -0.429623068 -15.963665 -1.76001220
 [4,] -0.001948815 -15.326084 -0.29588672
 [5,] -0.500278496 -14.316584 -0.38153521
 [6,] -0.494954050 -11.326947 -0.29950190
 [7,] -0.592423982  -5.283475 -2.61596098
 [8,] -0.764192117  -1.373582 -0.08441113
 [9,] -1.749856105  -1.584336 -0.22402119
[10,]  0.000000000   0.000000  0.00000000
[1] ""
[1] "Test for all-silh :"
 [1] -18.3707762 -16.9647275 -16.4699832 -15.6356975 -13.3003905  -9.3436327
 [7]  -3.3599241  -0.4090901  -1.2653593   0.0000000
[1] ""
[1] "Test for contour :"
            [,1]         [,2]       [,3]
 [1,]       -Inf         -Inf       -Inf
 [2,] -1.3470736         -Inf       -Inf
 [3,] -3.6496587         -Inf       -Inf
 [4,] -5.1159958 -4.268697949       -Inf
 [5,]       -Inf -5.521460918       -Inf
 [6,] -6.2146081 -1.995100393       -Inf
 [7,] -3.3242363 -1.139434283 -5.1159958
 [8,] -3.6496587 -1.410587054 -0.6772738
 [9,] -0.7721904 -0.802962047 -1.0106014
[10,]  0.0000000 -0.002002003 -0.2008929
[1] ""
[1] "Test for global-kde :"
             [,1]       [,2]       [,3]
 [1,] -10.1793627 -8.1343004 -4.6064606
 [2,]  -8.6684227 -6.4242376 -3.8029638
 [3,]  -5.5674203 -4.5683619 -2.7855817
 [4,]  -3.7300370 -3.6240641 -2.2539790
 [5,]  -2.2202881 -2.2344537 -1.5342790
 [6,]  -1.5541117 -1.6317716 -1.3111407
 [7,]  -1.0229905 -1.0050533 -0.9560329
 [8,]  -0.8119295 -0.7501728 -0.8429179
 [9,]  -0.7403299 -0.8574474 -0.7577457
[10,]  -0.2167909 -0.2543441 -0.2218515
[1] ""
[1] "--------------------------------"
