[1] "--------------------------------"
[1] "Test for euler :"
 [1] -17.0272155 -20.9473966 -14.4700734 -10.2205038  -7.6905546  -8.3575231
 [7]  -6.2630682  -5.9542159  -0.1059824   0.0000000
[1] ""
[1] "Test for indiv_silh :"
             [,1]       [,2]        [,3]
 [1,] -2.19105835 -13.744624 -4.17890644
 [2,] -1.51982465 -13.639251 -0.57624529
 [3,] -0.92309704 -12.842612 -0.53346608
 [4,] -0.32468657 -11.945834 -0.05464289
 [5,] -0.47316575 -11.610324 -1.33068887
 [6,] -0.01952051  -8.666957 -2.54991393
 [7,] -0.50991694  -7.180928 -0.49512972
 [8,] -1.14714683  -1.339778 -3.30327652
 [9,] -1.13448322  -1.871358 -2.57570069
[10,]  0.00000000   0.000000  0.00000000
[1] ""
[1] "Test for all-silh :"
 [1] -18.103938 -18.171243 -16.675270 -14.352091 -11.647786 -11.416958
 [7]  -8.295199  -3.804561  -1.263644   0.000000
[1] ""
[1] "Test for contour :"
           [,1]         [,2]        [,3]
 [1,] -2.137071         -Inf        -Inf
 [2,] -1.251763         -Inf        -Inf
 [3,] -2.120264         -Inf        -Inf
 [4,] -1.570217         -Inf        -Inf
 [5,] -5.115996         -Inf        -Inf
 [6,] -2.103734 -4.422848629        -Inf
 [7,] -4.605170 -2.631089160 -4.01738352
 [8,] -4.268698 -0.650087691 -0.05340078
 [9,] -1.258781 -0.010050336 -2.50103603
[10,]  0.000000 -0.006018072 -0.18152188
[1] ""
[1] "Test for global-kde :"
             [,1]        [,2]       [,3]
 [1,] -10.8112105 -13.0534248 -5.5228571
 [2,]  -8.2073018  -8.2004088 -4.6936801
 [3,]  -5.0419684  -6.3716608 -3.8477613
 [4,]  -3.9851407  -4.3103783 -2.7869519
 [5,]  -2.7577014  -3.0686821 -1.9637195
 [6,]  -1.7354401  -1.8686077 -1.4914371
 [7,]  -1.1291600  -1.2276530 -0.9752110
 [8,]  -0.9267550  -0.8823615 -0.8178729
 [9,]  -0.7171899  -0.7929405 -0.7299664
[10,]  -0.2207738  -0.2542674 -0.2199361
[1] ""
[1] "--------------------------------"
