[1] "--------------------------------"
[1] "Test for euler :"
 [1] -11.21811172 -16.13051483  -8.55018229  -9.68559703  -1.89203383
 [6]  -2.52976914  -0.73202181  -0.08472363  -1.48204737   0.00000000
[1] ""
[1] "Test for indiv_silh :"
            [,1]        [,2]       [,3]
 [1,] -2.4652673 -16.8159810 -3.4805355
 [2,] -2.3498414 -16.4768389 -6.9554559
 [3,] -1.8440868 -15.9551507 -2.4850266
 [4,] -0.1842846 -16.2950826 -5.4973260
 [5,] -1.1551576 -14.1837900 -6.9703415
 [6,] -1.1142794 -13.0763806 -2.3843742
 [7,] -0.5179713  -9.8008226 -0.9980358
 [8,] -0.2828197  -2.8472303 -0.5691728
 [9,] -1.4623677  -0.4656988 -2.5096538
[10,]  0.0000000   0.0000000  0.0000000
[1] ""
[1] "Test for all-silh :"
 [1] -19.373004 -19.174517 -17.560831 -16.312050 -14.120470 -12.210966
 [7]  -7.214466  -1.309374  -1.404817   0.000000
[1] ""
[1] "Test for contour :"
              [,1]         [,2]        [,3]
 [1,] -3.649658741         -Inf        -Inf
 [2,] -1.090644119         -Inf        -Inf
 [3,] -1.570217199         -Inf        -Inf
 [4,] -0.941608540 -4.017383521        -Inf
 [5,] -1.771956842 -6.214608098        -Inf
 [6,] -4.135166557 -5.115995810        -Inf
 [7,] -6.214608098 -2.364460497 -5.52146092
 [8,] -1.682008605 -0.527632742 -0.19845094
 [9,] -2.385966702 -0.157824085 -0.07042246
[10,] -0.002002003 -0.002002003 -0.08555789
[1] ""
[1] "Test for global-kde :"
             [,1]       [,2]       [,3]
 [1,] -10.3602206 -8.0127710 -4.3740332
 [2,]  -8.1363224 -7.5465940 -3.8165077
 [3,]  -5.1701713 -4.3642075 -2.9474800
 [4,]  -3.7434246 -3.0703531 -2.1060554
 [5,]  -2.2000149 -1.9231228 -1.5203873
 [6,]  -1.5036278 -1.3451092 -1.2544160
 [7,]  -1.1211295 -1.0423774 -1.0931544
 [8,]  -0.9117120 -0.8540954 -0.8740338
 [9,]  -0.7769114 -0.7838154 -0.7815442
[10,]  -0.2321480 -0.2613380 -0.2093207
[1] ""
[1] "--------------------------------"
