[1] "--------------------------------"
[1] "Test for euler :"
 [1]  -0.4699567  -0.9386936  -0.3494279  -2.7817869  -4.8322764  -5.5698765
 [7]  -5.3946406 -14.5272892 -14.8319945   0.0000000
[1] ""
[1] "Test for indiv_silh :"
            [,1]        [,2]       [,3]
 [1,] -1.4165950  -0.1707414 -0.6926160
 [2,] -1.5672956  -1.4534634 -1.4733375
 [3,] -0.4908930  -1.1341414 -3.0339097
 [4,] -0.8553828  -5.6885669 -2.4715389
 [5,] -1.3446530  -6.9572131 -0.9751915
 [6,] -0.2688825 -13.6619839 -1.8280409
 [7,] -0.2763387 -11.5349785 -1.6890991
 [8,] -0.9239509 -16.2092329 -3.2814809
 [9,] -0.6784859 -14.0092681 -1.3985201
[10,]  0.0000000   0.0000000  0.0000000
[1] ""
[1] "Test for all-silh :"
 [1]  -0.380471  -1.701402  -1.508957  -4.045101  -6.147832 -12.909027
 [7] -10.981547 -18.111835 -14.663822   0.000000
[1] ""
[1] "Test for contour :"
            [,1]       [,2]       [,3]
 [1,] -0.5344355 -0.5656339 -1.0106014
 [2,] -0.7721904 -1.5417793 -0.3424903
 [3,] -3.6496587 -3.4420194 -4.8283137
 [4,]       -Inf -3.9120230 -4.2686979
 [5,]       -Inf       -Inf       -Inf
 [6,]       -Inf       -Inf       -Inf
 [7,]       -Inf       -Inf       -Inf
 [8,]       -Inf       -Inf       -Inf
 [9,]       -Inf       -Inf       -Inf
[10,]  0.0000000  0.0000000  0.0000000
[1] ""
[1] "Test for global-kde :"
             [,1]       [,2]       [,3]
 [1,]  -0.7828856 -0.8255799 -0.6965415
 [2,]  -0.8181266 -0.9060675 -0.8057629
 [3,]  -1.1150205 -1.1794509 -1.0282670
 [4,]  -1.5746630 -1.5957642 -1.0433085
 [5,]  -2.4844220 -2.1825637 -1.7607426
 [6,]  -4.6027209 -3.4427360 -1.8131979
 [7,]  -6.0796428 -5.2401898 -3.0007652
 [8,]  -7.3540879 -7.5095557 -3.5374863
 [9,] -12.3005447 -9.2823157 -3.7033817
[10,]  -0.2177195 -0.2219040 -0.2442243
[1] ""
[1] "--------------------------------"
