[1] "--------------------------------"
[1] "Test for euler :"
 [1] -10.572984 -19.476422 -18.866655 -14.735438  -7.587027  -9.640823
 [7]  -1.247426  -1.557737  -1.570486   0.000000
[1] ""
[1] "Test for indiv_silh :"
            [,1]         [,2]       [,3]
 [1,] -0.3968603 -15.23852756 -0.1168591
 [2,] -1.2357282 -15.16898637 -0.4206670
 [3,] -1.2119333 -14.98912812 -1.5649214
 [4,] -1.0666777 -14.27965105 -0.3748438
 [5,] -2.2728222 -13.36809093 -0.3377309
 [6,] -2.2880160 -13.08218014 -0.5766056
 [7,] -1.7593763  -8.98985948 -0.4813157
 [8,] -1.6361582  -5.60407548 -0.3603738
 [9,] -1.6320913  -0.05714651 -1.0098225
[10,]  0.0000000   0.00000000  0.0000000
[1] ""
[1] "Test for all-silh :"
 [1] -17.415064 -16.736741 -16.314947 -15.205616 -14.199813 -12.589610
 [7]  -8.208981  -4.183133  -0.920452   0.000000
[1] ""
[1] "Test for contour :"
           [,1]        [,2]       [,3]
 [1,] -3.729701        -Inf       -Inf
 [2,] -3.816713        -Inf       -Inf
 [3,] -6.214608        -Inf       -Inf
 [4,] -4.268698        -Inf       -Inf
 [5,] -1.224176        -Inf       -Inf
 [6,] -4.017384 -6.21460810       -Inf
 [7,] -1.551169 -3.44201938 -2.9187712
 [8,] -2.071473 -1.38629436 -0.3011051
 [9,] -2.847312 -1.99510039 -1.1973283
[10,]  0.000000 -0.01005034 -0.2107210
[1] ""
[1] "Test for global-kde :"
             [,1]       [,2]       [,3]
 [1,] -12.5339097 -7.8204856 -4.3062846
 [2,]  -9.2340699 -6.4118147 -4.0131007
 [3,]  -7.1072152 -5.6504964 -2.7279817
 [4,]  -3.6906648 -3.4168796 -1.9756357
 [5,]  -2.4438320 -2.3204918 -1.5658492
 [6,]  -1.8326793 -1.5461897 -0.9973060
 [7,]  -1.1890477 -1.1000045 -1.0280109
 [8,]  -0.8113633 -0.7642698 -0.7030646
 [9,]  -0.8107671 -0.7881799 -0.7360959
[10,]  -0.2275080 -0.2527396 -0.2223832
[1] ""
[1] "--------------------------------"
