[1] "--------------------------------"
[1] "Test for euler :"
 [1]  -1.269693  -3.763247  -3.562077  -3.532620  -7.592337 -10.406410
 [7] -12.200071 -17.714069 -18.002659   0.000000
[1] ""
[1] "Test for indiv_silh :"
             [,1]       [,2]        [,3]
 [1,] -0.77280365  -1.611732 -0.85200051
 [2,] -3.78466738  -1.973514 -0.51463559
 [3,] -1.09548771  -1.808024 -0.06441564
 [4,] -5.70944045  -4.391395 -0.36821066
 [5,] -3.30897750  -8.617669 -0.08492080
 [6,] -5.15142429  -9.468865 -0.22234725
 [7,] -5.57606742 -21.947570 -0.11411236
 [8,] -7.45853588 -18.201600 -0.61254071
 [9,] -0.08858234 -13.371236 -1.02095852
[10,]  0.00000000   0.000000  0.00000000
[1] ""
[1] "Test for all-silh :"
 [1]  -0.6971816  -3.1318952  -1.1792166  -5.3522687  -9.7239401 -11.5242440
 [7] -20.5975007 -22.7782370 -13.4637786   0.0000000
[1] ""
[1] "Test for contour :"
            [,1]       [,2]       [,3]
 [1,] -0.7852625 -0.1031408 -0.3453112
 [2,] -0.3119748 -0.1075852 -0.1232982
 [3,] -2.5257286 -2.0402208 -2.2827825
 [4,] -3.0791139 -2.0099155 -5.5214609
 [5,] -6.2146081       -Inf       -Inf
 [6,]       -Inf       -Inf       -Inf
 [7,]       -Inf       -Inf       -Inf
 [8,]       -Inf       -Inf       -Inf
 [9,] -3.6496587       -Inf       -Inf
[10,]  0.0000000  0.0000000  0.0000000
[1] ""
[1] "Test for global-kde :"
             [,1]        [,2]       [,3]
 [1,]  -0.6826464  -0.7357908 -0.8367231
 [2,]  -0.8034782  -0.8261401 -0.8353835
 [3,]  -1.0838404  -1.0511087 -0.9626854
 [4,]  -1.3622905  -1.5443849 -1.2552073
 [5,]  -2.4304819  -2.2218022 -1.5726830
 [6,]  -4.1027212  -3.1801768 -2.1687766
 [7,]  -5.9831427  -4.6760571 -3.0552246
 [8,]  -7.2918564  -5.7783600 -4.1275861
 [9,] -11.4283207 -10.3263582 -5.6158360
[10,]  -0.2356177  -0.2179457 -0.2471052
[1] ""
[1] "--------------------------------"
