[1] "--------------------------------"
[1] "Test for euler :"
 [1]  -0.01684365  -0.80484769  -1.94456267  -3.88524670  -8.41056017
 [6]  -4.60411448 -10.24602376 -11.38681741 -12.69538716   0.00000000
[1] ""
[1] "Test for indiv_silh :"
            [,1]        [,2]        [,3]
 [1,] -0.7841272  -0.1336981 -1.81378282
 [2,] -2.5579538  -0.1060137 -0.57519558
 [3,] -4.0239547  -3.0642751 -0.30364951
 [4,] -1.9280657  -7.7388792 -0.53042971
 [5,] -3.5195057  -6.2078004 -0.03597791
 [6,] -3.8882451 -21.3189168 -0.18008230
 [7,] -2.1818826 -11.7380376 -0.34431014
 [8,] -2.1817970 -13.3705462 -0.46568537
 [9,] -4.2279589 -15.7685168 -0.40048753
[10,]  0.0000000   0.0000000  0.00000000
[1] ""
[1] "Test for all-silh :"
 [1]  -0.6340060  -0.9473675  -3.6926558  -5.3852451  -5.9827035 -18.3299535
 [7] -14.6099721 -16.1808298 -18.1147307   0.0000000
[1] ""
[1] "Test for contour :"
             [,1]        [,2]        [,3]
 [1,] -0.18392284 -0.02634398 -0.07042246
 [2,] -0.02020271 -0.22564668 -0.48776035
 [3,] -5.11599581 -1.49610923 -2.91877123
 [4,] -6.21460810 -3.17008566        -Inf
 [5,] -6.21460810        -Inf        -Inf
 [6,]        -Inf        -Inf        -Inf
 [7,]        -Inf        -Inf        -Inf
 [8,]        -Inf        -Inf        -Inf
 [9,] -4.60517019        -Inf        -Inf
[10,]  0.00000000  0.00000000  0.00000000
[1] ""
[1] "Test for global-kde :"
            [,1]       [,2]       [,3]
 [1,] -0.7055581 -0.7620818 -0.7498001
 [2,] -0.7407623 -0.7877505 -0.8391633
 [3,] -1.0177200 -1.0442102 -0.9764613
 [4,] -1.5877511 -1.4117632 -1.2385304
 [5,] -2.5527353 -2.3195037 -1.7759424
 [6,] -3.5140317 -3.3826287 -2.3281309
 [7,] -5.4308375 -5.2156998 -3.3945169
 [8,] -7.5573971 -6.8452744 -4.4419868
 [9,] -9.1859695 -9.2902377 -4.5532795
[10,] -0.2272938 -0.2152241 -0.2363264
[1] ""
[1] "--------------------------------"
