[1] "--------------------------------"
[1] "Test for euler :"
 [1]  -1.4203315  -0.7217708  -0.4729544  -3.3614894  -6.4365812  -9.8614351
 [7] -11.1768636 -14.0473778 -16.6638588   0.0000000
[1] ""
[1] "Test for indiv_silh :"
            [,1]        [,2]        [,3]
 [1,] -2.2437301  -0.1326717 -2.22841208
 [2,] -0.2445768  -0.5831883 -0.29730977
 [3,] -1.4622903  -0.2992500 -0.49838351
 [4,] -1.6361947  -3.7754417 -0.87711299
 [5,] -0.9833232  -2.6650016 -0.05913867
 [6,] -3.3642924  -9.3344358 -2.32613320
 [7,] -1.6747309 -14.1292099 -1.47408817
 [8,] -4.3422573 -11.9065862 -4.88514906
 [9,] -1.0854298 -17.1583779 -0.44398827
[10,]  0.0000000   0.0000000  0.00000000
[1] ""
[1] "Test for all-silh :"
 [1]  -2.3062886  -0.1364209  -0.7621377  -2.6710774  -1.6796616  -8.3810176
 [7] -15.9403980 -18.0636075 -19.2415445   0.0000000
[1] ""
[1] "Test for contour :"
            [,1]       [,2]       [,3]
 [1,] -0.6124893 -1.5606477 -0.5175146
 [2,] -1.4439235 -0.9834995 -0.3652833
 [3,] -2.7488722 -4.0173835 -0.4369558
 [4,] -4.4228486 -6.2146081       -Inf
 [5,]       -Inf       -Inf       -Inf
 [6,]       -Inf       -Inf       -Inf
 [7,]       -Inf       -Inf       -Inf
 [8,]       -Inf       -Inf       -Inf
 [9,] -1.9241487       -Inf       -Inf
[10,]  0.0000000  0.0000000  0.0000000
[1] ""
[1] "Test for global-kde :"
             [,1]        [,2]       [,3]
 [1,]  -0.7318317  -0.8974186 -0.8047222
 [2,]  -0.8087745  -0.9543584 -0.9026295
 [3,]  -1.1116117  -1.1408205 -1.0201152
 [4,]  -1.7107217  -1.7312453 -1.0018425
 [5,]  -2.3504613  -2.2435373 -1.5892845
 [6,]  -3.6333895  -3.6595164 -2.2511307
 [7,]  -5.3773439  -4.3626877 -3.1125275
 [8,]  -6.7591012  -6.9517480 -3.3996464
 [9,] -12.3308339 -10.1539014 -4.8769379
[10,]  -0.2261924  -0.2210407 -0.2334978
[1] ""
[1] "--------------------------------"
