[1] "--------------------------------"
[1] "Test for euler :"
 [1] -16.3391327 -16.2625561 -12.1287314 -12.2786683  -5.1626315  -6.3360571
 [7]  -3.2238883  -0.6463385  -0.6230372   0.0000000
[1] ""
[1] "Test for indiv_silh :"
             [,1]        [,2]         [,3]
 [1,] -0.09505752 -15.7756313 -2.024022833
 [2,] -0.20986630 -15.9683586 -1.107752988
 [3,] -1.39308380 -15.3343551 -0.009186135
 [4,] -1.42510792 -14.6371917 -0.287935078
 [5,] -0.32202044 -12.5605210 -0.336206436
 [6,] -0.94409127 -12.7917843 -1.047229300
 [7,] -0.55419202  -8.9221787 -0.271828485
 [8,] -0.27576438  -1.0163444 -0.304082444
 [9,] -0.41069865  -0.8965633 -0.121155167
[10,]  0.00000000   0.0000000  0.000000000
[1] ""
[1] "Test for all-silh :"
 [1] -18.2293486 -18.9208368 -16.1928792 -16.2216461 -11.4032370 -11.9351531
 [7]  -7.0261108  -0.2159191  -0.1366983   0.0000000
[1] ""
[1] "Test for contour :"
            [,1]        [,2]       [,3]
 [1,] -2.7181005        -Inf       -Inf
 [2,] -2.3025851        -Inf       -Inf
 [3,] -0.4369558        -Inf       -Inf
 [4,] -1.6928195 -6.21460810       -Inf
 [5,] -0.5412848        -Inf       -Inf
 [6,] -2.5257286 -1.46101791 -6.2146081
 [7,] -0.8770700 -0.30652516 -3.2188758
 [8,] -1.6094379 -0.35953618 -0.6539265
 [9,] -0.1935847 -0.17673718 -1.7372713
[10,]  0.0000000 -0.02224561 -0.1346749
[1] ""
[1] "Test for global-kde :"
             [,1]        [,2]       [,3]
 [1,] -12.9521600 -12.0291834 -4.8844481
 [2,]  -9.5441699  -9.6391403 -3.9689573
 [3,]  -6.4361828  -5.8425978 -2.9544558
 [4,]  -3.7942720  -3.7308006 -2.1511155
 [5,]  -2.6768569  -2.6291577 -1.6625091
 [6,]  -1.7566896  -1.6211284 -1.2434689
 [7,]  -1.1838634  -1.1546166 -0.8731085
 [8,]  -0.9176740  -0.9786848 -0.9135373
 [9,]  -0.8212512  -0.8041132 -0.7950855
[10,]  -0.2314822  -0.2567760 -0.2152339
[1] ""
[1] "--------------------------------"
