[1] "--------------------------------"
[1] "Test for euler :"
 [1]  -2.7369693  -0.5547350  -0.5045653  -1.3756638  -4.1836430  -7.2662640
 [7] -12.3454030 -12.2390616  -9.7705455   0.0000000
[1] ""
[1] "Test for indiv_silh :"
            [,1]        [,2]        [,3]
 [1,] -0.5982415  -0.5649657 -2.03822349
 [2,] -0.3138964  -0.9722365 -0.61255136
 [3,] -0.4360282  -1.7470618 -0.39050101
 [4,] -4.4688709  -3.5484129 -0.84466527
 [5,] -0.6861773 -11.3587356 -0.05611774
 [6,] -0.4900505 -13.0639760 -0.80633316
 [7,] -0.2105539 -16.2220392 -0.85672209
 [8,] -3.2471817 -14.2420910 -0.21530222
 [9,] -0.4949353 -11.2621803 -1.37612702
[10,]  0.0000000   0.0000000  0.00000000
[1] ""
[1] "Test for all-silh :"
 [1]  -0.8101424  -0.3353329  -0.7945601  -4.5397771  -9.1070704 -13.5914148
 [7] -16.0605163 -14.2290007 -11.9728402   0.0000000
[1] ""
[1] "Test for contour :"
            [,1]       [,2]       [,3]
 [1,] -0.4155154 -0.1323892 -0.2587707
 [2,] -2.3227878 -0.9314044 -0.6931472
 [3,] -1.3394108 -3.1235656 -1.0906441
 [4,]       -Inf       -Inf -3.6496587
 [5,]       -Inf       -Inf       -Inf
 [6,]       -Inf       -Inf       -Inf
 [7,]       -Inf       -Inf       -Inf
 [8,]       -Inf       -Inf       -Inf
 [9,] -4.8283137       -Inf       -Inf
[10,]  0.0000000  0.0000000  0.0000000
[1] ""
[1] "Test for global-kde :"
             [,1]       [,2]       [,3]
 [1,]  -0.8008893 -0.7975927 -0.7201448
 [2,]  -1.0368543 -0.8780010 -0.9608724
 [3,]  -1.2426971 -1.0992201 -0.9237093
 [4,]  -1.7324151 -1.5078174 -1.1079044
 [5,]  -2.6029753 -2.1483001 -1.4418403
 [6,]  -4.0186556 -3.5549951 -2.0750994
 [7,]  -5.4160957 -4.3436006 -2.6077019
 [8,]  -8.6170388 -9.2064231 -4.5734354
 [9,] -10.2471019 -9.6962207 -4.2946654
[10,]  -0.2197667 -0.2146008 -0.2389803
[1] ""
[1] "--------------------------------"
