[1] "--------------------------------"
[1] "Test for euler :"
 [1] -19.325883 -19.287889 -19.642390 -12.636546 -15.614614 -12.145383
 [7]  -4.020185  -3.402754  -1.187082   0.000000
[1] ""
[1] "Test for indiv_silh :"
             [,1]        [,2]        [,3]
 [1,] -5.82930438 -15.4444663 -2.29954504
 [2,] -6.45353721 -15.5199787 -2.19976351
 [3,] -3.26824859 -15.1725091 -1.65937530
 [4,] -0.38587651 -14.4337988 -1.88722345
 [5,] -1.40021247 -14.0973401 -1.79763561
 [6,] -0.05913301 -11.1050908 -0.85752445
 [7,] -1.50103518 -10.7480225 -1.27701588
 [8,] -0.59418733  -1.9200512 -1.04539584
 [9,] -0.03478044  -0.8244435 -0.06069704
[10,]  0.00000000   0.0000000  0.00000000
[1] ""
[1] "Test for all-silh :"
 [1] -18.6704443 -18.9986556 -17.2342937 -15.0857292 -14.6075728  -9.8636431
 [7]  -9.3121204  -0.9572749  -0.1048118   0.0000000
[1] ""
[1] "Test for contour :"
            [,1]        [,2]       [,3]
 [1,] -4.0173835        -Inf       -Inf
 [2,] -2.6882476        -Inf       -Inf
 [3,] -1.7957675        -Inf       -Inf
 [4,] -4.2686979 -6.21460810       -Inf
 [5,] -2.8473123        -Inf       -Inf
 [6,] -4.2686979 -5.52146092       -Inf
 [7,] -5.1159958 -0.42464793 -3.1700857
 [8,] -1.9379420 -2.99573227 -2.0249534
 [9,] -0.7215467 -0.43386458 -0.8675006
[10,]  0.0000000 -0.01005034 -0.1531512
[1] ""
[1] "Test for global-kde :"
             [,1]       [,2]       [,3]
 [1,] -10.5972795 -9.5517564 -5.1251023
 [2,]  -8.4902562 -7.2731085 -5.0132523
 [3,]  -6.7253673 -5.0915627 -3.8357289
 [4,]  -3.9830132 -3.7755825 -3.1045953
 [5,]  -2.2036573 -2.3474298 -1.8758641
 [6,]  -1.4396345 -1.5919811 -1.3414527
 [7,]  -0.9400159 -1.0724169 -1.0907966
 [8,]  -0.8527278 -0.8146879 -0.8875009
 [9,]  -0.8113728 -0.8327013 -0.8754174
[10,]  -0.2119825 -0.2604112 -0.2042899
[1] ""
[1] "--------------------------------"
