[1] "--------------------------------"
[1] "Test for euler :"
 [1]  -0.8591135  -1.6123455  -1.3286726  -1.7901404  -4.5248878  -7.6503650
 [7] -10.0719183 -13.6302997 -17.9769702   0.0000000
[1] ""
[1] "Test for indiv_silh :"
            [,1]       [,2]      [,3]
 [1,] -1.0215976  -1.851929 -2.417321
 [2,] -0.5465848  -2.640541 -2.961738
 [3,] -0.5130376  -3.518147 -1.352585
 [4,] -0.2994177  -6.911606 -3.139098
 [5,] -2.3920610 -11.406006 -4.032553
 [6,] -2.4184746  -9.512745 -4.058642
 [7,] -1.3637465 -14.883163 -3.302876
 [8,] -1.1016156 -13.972642 -4.173862
 [9,] -1.0365756 -14.432411 -4.294552
[10,]  0.0000000   0.000000  0.000000
[1] ""
[1] "Test for all-silh :"
 [1]  -1.357090  -2.878605  -2.580252  -5.459057  -9.696358 -10.797918
 [7] -14.712982 -15.939247 -15.494238   0.000000
[1] ""
[1] "Test for contour :"
           [,1]         [,2]         [,3]
 [1,] -3.170086 -3.912023005 -0.583396317
 [2,] -1.324259 -3.218875825 -3.270169119
 [3,] -4.422849 -1.324258970 -5.115995810
 [4,]      -Inf         -Inf         -Inf
 [5,] -4.268698         -Inf         -Inf
 [6,]      -Inf         -Inf         -Inf
 [7,]      -Inf         -Inf         -Inf
 [8,]      -Inf         -Inf         -Inf
 [9,]      -Inf         -Inf         -Inf
[10,]  0.000000 -0.002002003 -0.004008021
[1] ""
[1] "Test for global-kde :"
            [,1]       [,2]       [,3]
 [1,] -0.7750094 -0.7861529 -0.8466091
 [2,] -0.7947894 -0.8116734 -0.8550816
 [3,] -0.9426423 -0.9060420 -0.8880420
 [4,] -1.5406895 -1.3381833 -1.1023604
 [5,] -2.3333082 -2.2048239 -1.5030361
 [6,] -3.3788361 -3.0858186 -2.1115121
 [7,] -4.1505743 -4.4579471 -2.4182272
 [8,] -9.7098948 -7.1210988 -3.7024801
 [9,] -8.4580980 -8.7893724 -4.5665266
[10,] -0.2150425 -0.2202172 -0.2481177
[1] ""
[1] "--------------------------------"
