[1] "--------------------------------"
[1] "Test for euler :"
 [1] -12.395167 -11.125020  -7.768019  -5.626953  -2.510654  -2.787538
 [7]  -1.266107  -1.772830  -3.576230   0.000000
[1] ""
[1] "Test for indiv_silh :"
            [,1]        [,2]       [,3]
 [1,] -0.7165120 -17.0444808 -2.2346883
 [2,] -0.7505239 -16.0953383 -1.6572795
 [3,] -1.7434612 -16.5174212 -2.0435322
 [4,] -2.5318999 -15.5397290 -0.7782969
 [5,] -2.5441873 -14.9704954 -1.3873869
 [6,] -2.1999022 -12.4173849 -0.1264372
 [7,] -1.2163434  -7.6380871 -0.5268230
 [8,] -2.1198061  -5.5529225 -0.8828929
 [9,] -3.4636368  -0.1919444 -1.7258671
[10,]  0.0000000   0.0000000  0.0000000
[1] ""
[1] "Test for all-silh :"
 [1] -19.323035 -18.008458 -17.654066 -16.889834 -16.466887 -12.143691
 [7]  -6.258102  -4.797805  -1.872086   0.000000
[1] ""
[1] "Test for contour :"
            [,1]         [,2]        [,3]
 [1,] -3.6496587         -Inf        -Inf
 [2,] -5.1159958         -Inf        -Inf
 [3,] -5.1159958         -Inf        -Inf
 [4,] -1.8325815 -5.115995810        -Inf
 [5,] -2.6882476 -4.605170186        -Inf
 [6,] -3.5755508 -2.453407983        -Inf
 [7,] -3.9120230 -3.170085661 -6.21460810
 [8,] -0.9113032 -0.608806032 -3.21887582
 [9,] -0.5978370 -0.733969175 -0.03459144
[10,]  0.0000000 -0.004008021 -0.18392284
[1] ""
[1] "Test for global-kde :"
             [,1]        [,2]       [,3]
 [1,] -11.3697221 -10.6176205 -4.7545078
 [2,]  -9.3754995  -9.4821845 -4.8212239
 [3,]  -6.4765032  -6.3875446 -3.6738523
 [4,]  -3.7132141  -4.3522092 -2.5424172
 [5,]  -2.7994723  -2.9831756 -2.2649133
 [6,]  -1.7892273  -1.9307111 -1.3382941
 [7,]  -1.0925648  -1.1922535 -1.1662543
 [8,]  -0.8111039  -0.8455889 -0.7799102
 [9,]  -0.7420447  -0.8478771 -0.6729957
[10,]  -0.2238902  -0.2577947 -0.2058826
[1] ""
[1] "--------------------------------"
