[1] "--------------------------------"
[1] "Test for euler :"
 [1]  -0.7367711  -0.9520077  -3.1775583  -2.5330839  -6.0437890  -7.7457379
 [7]  -8.9514258 -15.7192876 -21.9311631   0.0000000
[1] ""
[1] "Test for indiv_silh :"
           [,1]        [,2]        [,3]
 [1,] -1.453916  -1.4874130 -1.50987102
 [2,] -4.006643  -0.5193879 -3.15536086
 [3,] -2.012440  -0.6679077 -0.25486722
 [4,] -2.883064  -2.6287813 -0.08976831
 [5,] -3.580100  -4.6354788 -0.37200020
 [6,] -1.789369  -8.1565029 -1.47849377
 [7,] -1.819714 -19.5646942 -1.00687513
 [8,] -2.213493 -13.6277093 -0.73065923
 [9,] -4.394139 -22.1445317 -3.60906859
[10,]  0.000000   0.0000000  0.00000000
[1] ""
[1] "Test for all-silh :"
 [1]  -1.275515  -3.094778  -1.119935  -2.779243  -7.886056  -6.491276
 [7] -16.761944 -13.556092 -24.321274   0.000000
[1] ""
[1] "Test for contour :"
              [,1]      [,2]       [,3]
 [1,] -0.507497834 -1.748700 -1.2873544
 [2,] -1.832581464 -2.407946 -0.3065252
 [3,]         -Inf -3.912023 -2.8473123
 [4,]         -Inf      -Inf       -Inf
 [5,]         -Inf      -Inf       -Inf
 [6,]         -Inf      -Inf       -Inf
 [7,]         -Inf      -Inf       -Inf
 [8,]         -Inf      -Inf       -Inf
 [9,] -3.575550769      -Inf       -Inf
[10,] -0.002002003  0.000000  0.0000000
[1] ""
[1] "Test for global-kde :"
            [,1]       [,2]       [,3]
 [1,] -0.7697754 -0.7633872 -0.7460992
 [2,] -0.8185395 -0.8437625 -0.8535361
 [3,] -1.2147805 -1.1495164 -1.0153399
 [4,] -1.3311513 -1.4370211 -1.0934455
 [5,] -2.5453747 -2.7185754 -2.0328655
 [6,] -3.3778007 -3.3335687 -2.4942924
 [7,] -5.3493369 -4.9242489 -3.1832555
 [8,] -6.0203715 -6.5349371 -4.3588882
 [9,] -7.4886300 -8.4200213 -5.2226357
[10,] -0.2144059 -0.2218900 -0.2345534
[1] ""
[1] "--------------------------------"
