[1] "--------------------------------"
[1] "Test for euler :"
 [1]  -2.8054501  -0.9865369  -0.6266802  -0.7146842  -2.1215243  -6.3963028
 [7]  -5.8221218 -11.6825138  -8.1726461   0.0000000
[1] ""
[1] "Test for indiv_silh :"
             [,1]       [,2]       [,3]
 [1,] -0.78279227  -1.349815 -0.3085852
 [2,] -2.95069833  -1.714801 -0.6093599
 [3,] -0.58453091  -6.486295 -0.7859045
 [4,] -0.02641231  -4.298137 -2.2569489
 [5,] -3.89929348  -7.612948 -0.8172447
 [6,] -0.20021515 -15.635295 -0.1475429
 [7,] -3.46222516 -15.063791 -2.3590664
 [8,] -2.90875389 -16.583950 -1.9252070
 [9,] -0.36778292 -13.006842 -1.4578093
[10,]  0.00000000   0.000000  0.0000000
[1] ""
[1] "Test for all-silh :"
 [1]  -0.881304  -1.874896  -3.985803  -2.537946  -8.340634 -13.790305
 [7] -15.023300 -18.717599 -14.037465   0.000000
[1] ""
[1] "Test for contour :"
            [,1]       [,2]       [,3]
 [1,] -1.4961092 -0.1648746 -0.1346749
 [2,] -0.9014021 -0.8533159 -1.3783262
 [3,] -3.4420194 -6.2146081 -4.4228486
 [4,] -6.2146081       -Inf       -Inf
 [5,]       -Inf       -Inf       -Inf
 [6,] -6.2146081       -Inf       -Inf
 [7,] -5.1159958       -Inf       -Inf
 [8,]       -Inf       -Inf       -Inf
 [9,] -2.3227878       -Inf       -Inf
[10,]  0.0000000  0.0000000  0.0000000
[1] ""
[1] "Test for global-kde :"
            [,1]        [,2]       [,3]
 [1,] -0.6655570  -0.7707004 -0.7538612
 [2,] -0.8191100  -0.8253482 -0.8167839
 [3,] -1.0253713  -1.1588841 -0.9787009
 [4,] -1.4416990  -1.7452408 -1.3456145
 [5,] -2.5189905  -2.0336822 -1.8578928
 [6,] -3.7964562  -3.0577157 -2.0079942
 [7,] -5.7013463  -4.3886495 -2.4879488
 [8,] -8.3052590  -8.1373466 -4.2076681
 [9,] -8.6854241 -10.5737294 -5.5606773
[10,] -0.2161552  -0.2084332 -0.2437398
[1] ""
[1] "--------------------------------"
