[1] "--------------------------------"
[1] "Test for euler :"
 [1] -15.1674821 -17.7721687 -11.8699516 -10.7592394  -4.8309931  -6.1842443
 [7]  -5.7106363  -0.1571297  -0.5111411   0.0000000
[1] ""
[1] "Test for indiv_silh :"
             [,1]        [,2]        [,3]
 [1,] -2.85260017 -14.7400864 -2.23443277
 [2,] -3.05386499 -14.4556649 -0.01407541
 [3,] -1.84491442 -14.6368298 -0.68506475
 [4,] -2.27076709 -13.4109889 -0.62083486
 [5,] -0.07016703 -12.9383763 -0.44303501
 [6,] -1.57260779 -10.8187624 -0.43281588
 [7,] -1.34105956  -8.2870663 -0.11196690
 [8,] -0.20164162  -2.9299749 -1.38946633
 [9,] -0.23300189  -0.4363521 -0.11976224
[10,]  0.00000000   0.0000000  0.00000000
[1] ""
[1] "Test for all-silh :"
 [1] -17.56186082 -16.87739392 -16.07582741 -14.20933289 -11.98036474
 [6] -11.32664301  -6.31368767  -2.56883785  -0.03299644   0.00000000
[1] ""
[1] "Test for contour :"
            [,1]         [,2]        [,3]
 [1,] -3.9120230         -Inf        -Inf
 [2,] -1.4784097         -Inf        -Inf
 [3,] -1.7837913         -Inf        -Inf
 [4,] -0.9364934         -Inf        -Inf
 [5,] -2.6310892         -Inf        -Inf
 [6,] -1.7487000 -4.268697949        -Inf
 [7,] -0.3202053 -3.912023005 -1.24479480
 [8,] -3.5755508 -2.631089160 -1.58963529
 [9,] -1.4524342 -0.391562203 -0.77652879
[10,]  0.0000000 -0.004008021 -0.08338161
[1] ""
[1] "Test for global-kde :"
             [,1]        [,2]       [,3]
 [1,] -10.6057381 -11.1157046 -5.3345494
 [2,]  -7.2348622  -6.7864242 -4.2205053
 [3,]  -4.7805599  -4.3797871 -2.8441345
 [4,]  -4.1651873  -4.3385709 -2.8281353
 [5,]  -2.3841877  -2.7067744 -1.8991317
 [6,]  -1.5332513  -1.8020924 -1.4670145
 [7,]  -1.1117051  -1.1425526 -0.8771835
 [8,]  -0.7676355  -0.7926463 -0.8973032
 [9,]  -0.8010047  -0.7091430 -0.8298526
[10,]  -0.2354204  -0.2516178 -0.2174034
[1] ""
[1] "--------------------------------"
