[1] "--------------------------------"
[1] "Test for euler :"
 [1]  -9.0645650 -14.4744957 -15.7698054  -9.6318374  -8.3986980  -6.8310501
 [7]  -3.9276476  -0.7537302  -1.2957191   0.0000000
[1] ""
[1] "Test for indiv_silh :"
             [,1]       [,2]      [,3]
 [1,] -0.15098137 -9.1682979 -4.458967
 [2,] -0.40555262 -9.1183581 -3.806462
 [3,] -0.18267338 -9.0272305 -3.926235
 [4,] -0.08548347 -8.4801015 -4.358766
 [5,] -2.85831484 -6.5261013 -3.694477
 [6,] -1.33697232 -6.1330843 -2.199720
 [7,] -0.40486926 -3.3732173 -1.027878
 [8,] -1.03924356 -1.0413434 -1.371911
 [9,] -1.09466793 -0.3272346 -3.410753
[10,]  0.00000000  0.0000000  0.000000
[1] ""
[1] "Test for all-silh :"
 [1] -10.648999  -9.879374  -9.857893  -9.525637  -8.318123  -5.809027
 [7]  -1.900231  -1.168866  -1.959939   0.000000
[1] ""
[1] "Test for contour :"
            [,1]        [,2]       [,3]
 [1,] -3.8167128        -Inf       -Inf
 [2,] -3.5065579        -Inf       -Inf
 [3,] -0.5074978        -Inf       -Inf
 [4,] -1.4872203        -Inf       -Inf
 [5,] -2.1037342        -Inf       -Inf
 [6,] -5.5214609 -2.36446050       -Inf
 [7,] -1.2801342 -0.72154666 -2.0557250
 [8,] -2.1541651 -1.87080268 -0.3424903
 [9,] -1.5994876 -1.85789927 -0.0429075
[10,]  0.0000000 -0.01207258 -0.1415636
[1] ""
[1] "Test for global-kde :"
             [,1]       [,2]       [,3]
 [1,] -11.7441679 -7.4287594 -3.6302237
 [2,]  -6.0604715 -5.7877533 -3.1802060
 [3,]  -5.7418143 -3.9517457 -2.6095705
 [4,]  -4.3490450 -3.5488379 -2.4182468
 [5,]  -2.5761839 -2.2675954 -1.6365592
 [6,]  -1.6559806 -1.4254264 -1.3523043
 [7,]  -1.2121365 -1.2637532 -0.9661008
 [8,]  -0.8839686 -0.9202147 -0.8528005
 [9,]  -0.7908231 -0.7738310 -0.6800152
[10,]  -0.2314604 -0.2510721 -0.2109180
[1] ""
[1] "--------------------------------"
