[1] "--------------------------------"
[1] "Test for euler :"
 [1] -15.7284595 -14.1043196 -10.2398081  -7.9243441  -9.2920385  -6.6335136
 [7]  -1.0762105  -0.3822598  -1.1340957   0.0000000
[1] ""
[1] "Test for indiv_silh :"
             [,1]        [,2]        [,3]
 [1,] -2.23296494 -17.8421648 -1.71886572
 [2,] -0.40972271 -17.9329286 -0.31665512
 [3,] -0.06181204 -17.1106609 -0.49921690
 [4,] -0.55980236 -18.0078442 -0.14233507
 [5,] -0.51453612 -13.9797634 -0.08327461
 [6,] -1.65054587 -12.7287334 -0.28647048
 [7,] -0.04490345  -7.1665486 -0.28613450
 [8,] -1.36539285  -0.4457078 -1.11498578
 [9,] -0.03220656  -2.2469906 -3.01328509
[10,]  0.00000000   0.0000000  0.00000000
[1] ""
[1] "Test for all-silh :"
 [1] -20.8501280 -21.3028315 -19.7026288 -18.9320074 -13.2319495 -11.3532158
 [7]  -5.1605001  -0.7428795  -2.2453988   0.0000000
[1] ""
[1] "Test for contour :"
            [,1]         [,2]       [,3]
 [1,]       -Inf         -Inf       -Inf
 [2,]       -Inf         -Inf       -Inf
 [3,] -5.1159958         -Inf       -Inf
 [4,] -3.4420194         -Inf       -Inf
 [5,] -1.7719568         -Inf       -Inf
 [6,] -3.9120230 -1.010601411 -6.2146081
 [7,] -2.5510465 -2.103734234 -4.6051702
 [8,] -0.5762534 -1.301953213 -1.6607312
 [9,] -0.6198967 -0.164874643  0.0000000
[10,]  0.0000000 -0.006018072 -0.0965109
[1] ""
[1] "Test for global-kde :"
             [,1]        [,2]       [,3]
 [1,] -11.1751659 -10.3551894 -4.5955359
 [2,]  -8.2503493  -7.1310354 -4.4949383
 [3,]  -6.6975514  -5.2563862 -3.6790645
 [4,]  -3.7477053  -3.4834773 -2.5131892
 [5,]  -3.0522817  -3.0031129 -2.0575233
 [6,]  -1.6345239  -1.5120802 -1.4232189
 [7,]  -1.1604259  -1.1931388 -1.0941878
 [8,]  -0.8342252  -0.7770719 -0.8808714
 [9,]  -0.6833851  -0.7523595 -0.7421972
[10,]  -0.2270973  -0.2565334 -0.2155026
[1] ""
[1] "--------------------------------"
