[1] "--------------------------------"
[1] "Test for euler :"
 [1]  -1.2993065  -0.2586387  -5.3344418  -4.2019215  -8.8896699 -12.3603800
 [7] -11.6941229 -14.7309082 -28.6420921   0.0000000
[1] ""
[1] "Test for indiv_silh :"
            [,1]        [,2]       [,3]
 [1,] -0.5231633  -0.9468048 -0.1056963
 [2,] -0.5357335  -1.6742213 -0.4418754
 [3,] -2.8931913  -1.3157648 -0.6149242
 [4,] -3.7200602  -4.7485371 -1.3171722
 [5,] -4.3940840  -7.3691383 -0.6861604
 [6,] -3.2960765  -8.8202576 -1.7991356
 [7,] -1.5277600 -20.4599657 -1.6301078
 [8,] -3.5228659 -14.8783105 -1.1112559
 [9,] -5.3841607 -17.9941915 -0.6206653
[10,]  0.0000000   0.0000000  0.0000000
[1] ""
[1] "Test for all-silh :"
 [1]  -0.1890242  -0.5701383  -2.4834965  -4.6060724  -7.0998348  -7.7239252
 [7] -18.9202578 -14.2922046 -25.0918211   0.0000000
[1] ""
[1] "Test for contour :"
            [,1]      [,2]       [,3]
 [1,] -0.9416085 -2.322788 -0.8964881
 [2,] -0.2984060 -4.422849 -1.9241487
 [3,] -2.1541651 -2.995732 -4.2686979
 [4,] -2.3227878 -6.214608 -6.2146081
 [5,] -2.1037342 -6.214608       -Inf
 [6,] -6.2146081      -Inf       -Inf
 [7,]       -Inf      -Inf       -Inf
 [8,] -4.6051702      -Inf       -Inf
 [9,] -2.9957323      -Inf       -Inf
[10,]  0.0000000  0.000000  0.0000000
[1] ""
[1] "Test for global-kde :"
            [,1]        [,2]       [,3]
 [1,] -0.8161611  -0.7561962 -0.8031268
 [2,] -0.8110776  -0.8860030 -0.7740615
 [3,] -1.0007986  -0.9742125 -0.8634713
 [4,] -1.5533766  -1.6631341 -1.0507567
 [5,] -2.0212915  -1.9363835 -1.4300308
 [6,] -3.0166667  -3.4928271 -2.1313577
 [7,] -5.2183787  -4.8332710 -2.4594234
 [8,] -7.0460933  -6.4659468 -3.5272050
 [9,] -9.1600302 -10.3559699 -5.4751766
[10,] -0.2260420  -0.2264048 -0.2384662
[1] ""
[1] "--------------------------------"
