[1] "--------------------------------"
[1] "Test for euler :"
 [1]  -1.312243  -2.780744  -3.963017  -5.596041 -10.284599  -5.372408
 [7]  -9.527607 -15.067435 -18.312200   0.000000
[1] ""
[1] "Test for indiv_silh :"
            [,1]        [,2]        [,3]
 [1,] -1.6873308  -0.8862014 -0.60810216
 [2,] -2.5114308  -0.4153768 -0.08542659
 [3,] -4.8640345  -3.2177659 -1.30293969
 [4,] -5.1247784  -7.0267848 -1.75495284
 [5,] -1.7767328 -10.5932713 -1.62037414
 [6,] -4.0380157  -8.6666821 -2.45467308
 [7,] -2.7559726 -20.9869731 -0.88599193
 [8,] -0.5205212 -13.7149177 -0.69441132
 [9,] -2.1326043 -22.1977226 -1.19832122
[10,]  0.0000000   0.0000000  0.00000000
[1] ""
[1] "Test for all-silh :"
 [1]  -1.035904  -1.343997  -5.496768  -9.301017  -8.527500  -7.555191
 [7] -20.338410 -14.571046 -25.849532   0.000000
[1] ""
[1] "Test for contour :"
           [,1]      [,2]         [,3]
 [1,] -1.072945 -1.339411 -0.750776293
 [2,] -1.660731 -4.828314 -0.759286983
 [3,] -3.036554 -6.214608         -Inf
 [4,]      -Inf      -Inf         -Inf
 [5,]      -Inf      -Inf         -Inf
 [6,]      -Inf      -Inf         -Inf
 [7,]      -Inf      -Inf         -Inf
 [8,]      -Inf      -Inf         -Inf
 [9,]      -Inf      -Inf         -Inf
[10,]  0.000000  0.000000 -0.002002003
[1] ""
[1] "Test for global-kde :"
             [,1]       [,2]       [,3]
 [1,]  -0.7105153 -0.7283638 -0.7168500
 [2,]  -0.8096439 -0.8321827 -0.8671590
 [3,]  -1.0774806 -1.1645123 -0.9022896
 [4,]  -1.8618636 -1.7031184 -1.3463108
 [5,]  -2.4691014 -2.0979592 -1.8186849
 [6,]  -3.3515386 -3.9304577 -2.3982870
 [7,]  -5.6471131 -5.4934145 -3.1173763
 [8,]  -7.4340523 -6.0458549 -4.0401054
 [9,] -12.4019938 -9.8567938 -4.9200470
[10,]  -0.2213501 -0.2235614 -0.2439875
[1] ""
[1] "--------------------------------"
