[1] "--------------------------------"
[1] "Test for euler :"
 [1] -14.3600005 -12.2012407 -12.2090941  -9.2893640  -6.4617035  -3.7354996
 [7]  -0.1575726  -4.6845867  -1.3792937   0.0000000
[1] ""
[1] "Test for indiv_silh :"
            [,1]       [,2]        [,3]
 [1,] -1.3781460 -17.245308 -0.33042684
 [2,] -1.1282151 -17.155863 -0.53546914
 [3,] -0.1347178 -16.575336 -1.02289332
 [4,] -2.5128023 -15.268975 -0.08940545
 [5,] -0.2341513 -15.625566 -0.70019271
 [6,] -1.7957462 -12.630485 -0.30335634
 [7,] -1.2957006  -4.846646 -0.12911204
 [8,] -0.1275692  -3.703096 -0.51955357
 [9,] -0.1871923  -1.411161 -0.34269782
[10,]  0.0000000   0.000000  0.00000000
[1] ""
[1] "Test for all-silh :"
 [1] -20.6040205 -20.1012043 -18.0179731 -14.0371831 -14.0570404  -9.8188385
 [7]  -2.8693620  -2.2848625  -0.3780974   0.0000000
[1] ""
[1] "Test for contour :"
            [,1]         [,2]       [,3]
 [1,] -5.1159958         -Inf       -Inf
 [2,] -2.1370707         -Inf       -Inf
 [3,] -0.5551259         -Inf       -Inf
 [4,] -0.7635696         -Inf       -Inf
 [5,] -0.9571127         -Inf       -Inf
 [6,] -1.9951004         -Inf       -Inf
 [7,] -2.0557250 -3.816712826 -2.6882476
 [8,]       -Inf -0.967584026 -0.3065252
 [9,] -2.2072749 -0.936493439 -0.6386590
[10,]  0.0000000 -0.008032172 -0.1187835
[1] ""
[1] "Test for global-kde :"
             [,1]        [,2]       [,3]
 [1,] -11.4700422 -10.2389345 -4.8835632
 [2,]  -7.0762870  -6.0373642 -4.0625661
 [3,]  -6.2622086  -5.3880562 -3.3492605
 [4,]  -4.2031268  -3.4305536 -2.2099191
 [5,]  -2.3910060  -2.5666339 -2.2108761
 [6,]  -1.4063747  -1.5206701 -1.3912410
 [7,]  -1.0746106  -1.0856079 -1.1627110
 [8,]  -0.8147375  -0.8800246 -0.9725507
 [9,]  -0.7146170  -0.8813996 -0.8766762
[10,]  -0.2290621  -0.2607490 -0.2165255
[1] ""
[1] "--------------------------------"
