[1] "--------------------------------"
[1] "Test for euler :"
 [1] -14.666953 -19.668564 -18.680323 -13.418480  -8.435021  -5.783629
 [7]  -4.735295  -3.503959  -1.294616   0.000000
[1] ""
[1] "Test for indiv_silh :"
            [,1]        [,2]       [,3]
 [1,] -2.3334279 -14.7808467 -4.1220816
 [2,] -6.8606925 -14.8639043 -2.0198080
 [3,] -1.6429792 -14.6639772 -1.4168415
 [4,] -2.2140655 -13.6858384 -1.0904660
 [5,] -1.7308773 -13.9269472 -2.5234677
 [6,] -0.6481835 -11.4536810 -0.4342332
 [7,] -1.7290127  -5.7608241 -0.3785842
 [8,] -0.4743649  -3.4775480 -0.1854983
 [9,] -0.8585238  -0.7023425 -0.9507831
[10,]  0.0000000   0.0000000  0.0000000
[1] ""
[1] "Test for all-silh :"
 [1] -19.8074748 -22.2499397 -17.6849513 -15.7794454 -14.7505176 -11.4262092
 [7]  -5.9872517  -2.4153620  -0.6887849   0.0000000
[1] ""
[1] "Test for contour :"
            [,1]         [,2]       [,3]
 [1,]       -Inf         -Inf       -Inf
 [2,] -4.4228486         -Inf       -Inf
 [3,] -2.2443162         -Inf       -Inf
 [4,] -1.5702172         -Inf       -Inf
 [5,] -2.2443162 -6.214608098       -Inf
 [6,] -6.2146081 -3.575550769       -Inf
 [7,] -6.2146081 -3.649658741 -2.7181005
 [8,] -6.2146081 -1.461017907 -3.5755508
 [9,] -0.1767372 -1.265848208 -0.3595362
[10,]  0.0000000 -0.004008021 -0.1301087
[1] ""
[1] "Test for global-kde :"
             [,1]       [,2]       [,3]
 [1,] -11.8935527 -9.6973574 -5.0800575
 [2,]  -7.4812786 -6.0600939 -4.2578112
 [3,]  -5.7942004 -4.7947890 -3.1017535
 [4,]  -4.1016294 -3.2927421 -2.6915351
 [5,]  -2.5012943 -2.2944936 -1.8950346
 [6,]  -1.7485949 -1.5652413 -1.6375986
 [7,]  -1.0120976 -1.1856944 -1.1729427
 [8,]  -0.8928005 -1.0187566 -1.0679343
 [9,]  -0.8110761 -0.8910633 -0.8088527
[10,]  -0.2207294 -0.2593785 -0.2065999
[1] ""
[1] "--------------------------------"
