[1] "--------------------------------"
[1] "Test for euler :"
 [1]  -0.21873324  -0.12053948  -0.02261937  -0.67577504  -5.07936310
 [6]  -7.94458350  -9.06298543 -15.74307610 -13.61899778   0.00000000
[1] ""
[1] "Test for indiv_silh :"
            [,1]       [,2]      [,3]
 [1,] -0.6753394  -1.548339 -2.180437
 [2,] -0.2905568  -6.998983 -1.825072
 [3,] -0.3335478  -6.646430 -6.761536
 [4,] -1.5815606  -8.771394 -1.919697
 [5,] -1.3880431 -12.709433 -5.070592
 [6,] -1.1520518 -12.459875 -3.516695
 [7,] -1.3856676 -11.795329 -4.536105
 [8,] -1.6569643 -15.301936 -2.550225
 [9,] -1.1887667 -12.187149 -3.347402
[10,]  0.0000000   0.000000  0.000000
[1] ""
[1] "Test for all-silh :"
 [1]  -1.130317  -6.169497  -9.168621  -7.878467 -13.245105 -10.553208
 [7] -12.592295 -17.564010 -13.781487   0.000000
[1] ""
[1] "Test for contour :"
            [,1]      [,2]      [,3]
 [1,] -0.6273594 -1.579879 -1.714798
 [2,] -0.8347107 -2.780621 -1.224176
 [3,] -4.6051702 -6.214608      -Inf
 [4,] -1.5141277      -Inf      -Inf
 [5,]       -Inf      -Inf      -Inf
 [6,]       -Inf      -Inf      -Inf
 [7,]       -Inf      -Inf      -Inf
 [8,]       -Inf      -Inf      -Inf
 [9,] -4.8283137      -Inf      -Inf
[10,]  0.0000000  0.000000  0.000000
[1] ""
[1] "Test for global-kde :"
             [,1]       [,2]       [,3]
 [1,]  -0.7330150 -0.8140491 -0.8603407
 [2,]  -0.8271847 -0.8349279 -0.7904569
 [3,]  -0.9919274 -0.9947466 -1.0720260
 [4,]  -1.5117755 -1.5064198 -1.1330296
 [5,]  -2.5253880 -2.3309212 -1.5593429
 [6,]  -3.9762809 -4.2597362 -2.1082521
 [7,]  -5.5778456 -4.9051233 -2.4278470
 [8,]  -6.3069924 -6.7585375 -3.5160570
 [9,] -10.4239641 -9.3453634 -4.2520108
[10,]  -0.2284213 -0.2207818 -0.2370678
[1] ""
[1] "--------------------------------"
