[1] "--------------------------------"
[1] "Test for euler :"
 [1] -19.6908864 -13.5716982 -10.3198671  -9.6465640  -9.1819957  -4.7646974
 [7]  -2.9918165  -0.3213985  -0.1766484   0.0000000
[1] ""
[1] "Test for indiv_silh :"
             [,1]        [,2]        [,3]
 [1,] -3.11048292 -20.3374943 -3.03573814
 [2,] -0.22361959 -19.5245471 -0.06936815
 [3,] -1.95968116 -20.4151458 -0.81519373
 [4,] -0.61352989 -19.6253412 -0.24848854
 [5,] -0.09924026 -18.1065934 -1.05842713
 [6,] -0.14597915 -17.0184839 -1.33355082
 [7,] -0.67080207 -12.6995069 -1.21315478
 [8,] -1.16949726  -3.7709711 -0.08828933
 [9,] -0.98446713  -0.7468421 -0.48097247
[10,]  0.00000000   0.0000000  0.00000000
[1] ""
[1] "Test for all-silh :"
 [1] -23.7232526 -21.5970344 -20.4451357 -18.7038709 -17.0067322 -14.4784104
 [7] -11.3013112  -2.0699040  -0.4745991   0.0000000
[1] ""
[1] "Test for contour :"
            [,1]        [,2]       [,3]
 [1,]       -Inf        -Inf       -Inf
 [2,] -3.9120230        -Inf       -Inf
 [3,] -3.0791139        -Inf       -Inf
 [4,] -1.0906441        -Inf       -Inf
 [5,] -2.4534080 -5.11599581       -Inf
 [6,] -4.8283137 -5.52146092       -Inf
 [7,] -4.8283137 -0.90140212       -Inf
 [8,] -1.9241487 -0.59783700       -Inf
 [9,] -0.7896581 -0.47803580 -0.3312857
[10,]  0.0000000 -0.01816397 -0.1887421
[1] ""
[1] "Test for global-kde :"
            [,1]       [,2]       [,3]
 [1,] -9.7546208 -7.2458870 -3.8728494
 [2,] -8.5666539 -6.4680387 -3.7992554
 [3,] -4.8531645 -5.1443330 -3.1505486
 [4,] -3.6473518 -3.5575592 -2.2304582
 [5,] -2.4990710 -2.3369967 -2.0050488
 [6,] -1.6348418 -1.5152719 -1.5314317
 [7,] -1.0724240 -1.1977682 -1.1320488
 [8,] -0.8857214 -0.8059791 -0.9178932
 [9,] -0.7417226 -0.7178226 -0.8526846
[10,] -0.2335694 -0.2536734 -0.2211171
[1] ""
[1] "--------------------------------"
