[1] "--------------------------------"
[1] "Test for euler :"
 [1]  -0.1863328  -0.3454191  -1.2000500  -2.1549417  -3.8877232  -1.3630360
 [7]  -7.6827532 -13.3859506  -8.2820306   0.0000000
[1] ""
[1] "Test for indiv_silh :"
            [,1]         [,2]        [,3]
 [1,] -0.5754903  -0.03087953 -0.03261881
 [2,] -0.1245199  -0.13165376 -0.31100944
 [3,] -1.0929171  -0.40108181 -0.26767785
 [4,] -0.7517878  -2.53725668 -0.07096477
 [5,] -5.7768367  -7.62631863 -0.54153499
 [6,] -3.2042706  -8.41490834 -2.15698613
 [7,] -1.3326292 -12.43689413 -1.86603081
 [8,] -2.4615579 -14.85820831 -5.13634306
 [9,] -2.2348275 -14.89932524 -0.67049686
[10,]  0.0000000   0.00000000  0.00000000
[1] ""
[1] "Test for all-silh :"
 [1]  -0.04659463  -0.03107196  -0.26058261  -1.11691789  -9.39673687
 [6]  -7.80913037 -16.24153931 -19.29915776 -18.27312409   0.00000000
[1] ""
[1] "Test for contour :"
            [,1]       [,2]       [,3]
 [1,] -0.1165338 -0.4215945 -1.1026203
 [2,] -0.2876821 -1.6502599 -0.7507763
 [3,] -1.4524342 -4.4228486 -1.6607312
 [4,] -1.9519282       -Inf -5.5214609
 [5,] -6.2146081       -Inf       -Inf
 [6,]       -Inf       -Inf       -Inf
 [7,] -4.4228486       -Inf       -Inf
 [8,]       -Inf       -Inf       -Inf
 [9,] -4.2686979       -Inf       -Inf
[10,]  0.0000000  0.0000000  0.0000000
[1] ""
[1] "Test for global-kde :"
             [,1]        [,2]       [,3]
 [1,]  -0.8167282  -0.8229870 -0.7849657
 [2,]  -0.8376909  -0.8973495 -0.7759988
 [3,]  -1.1388134  -1.0969428 -1.0188334
 [4,]  -1.6959337  -1.6747021 -1.1726073
 [5,]  -2.4946921  -2.8057405 -1.6170659
 [6,]  -3.4679357  -3.9355649 -2.0267156
 [7,]  -4.6916330  -5.2032373 -2.5083997
 [8,]  -9.8931564  -7.7913367 -4.2140673
 [9,] -14.0005515 -11.9972748 -5.1697559
[10,]  -0.2003160  -0.2158111 -0.2432436
[1] ""
[1] "--------------------------------"
