[1] "--------------------------------"
[1] "Test for euler :"
 [1]  -2.4795786  -5.2070390  -0.9417601  -6.8917852  -9.6515743  -7.1110771
 [7] -11.9112915 -17.1195578 -15.6971637   0.0000000
[1] ""
[1] "Test for indiv_silh :"
             [,1]       [,2]        [,3]
 [1,]  -0.7710441  -1.382606 -0.09754353
 [2,]  -1.5868182  -4.389348 -0.23949813
 [3,]  -3.3586733  -3.978553 -1.68444717
 [4,]  -2.0664640  -3.930005 -0.63218446
 [5,]  -6.4859792  -9.338734 -1.47288373
 [6,]  -6.7310503 -11.441724 -0.30488691
 [7,] -11.4654111 -12.006407 -2.34025672
 [8,]  -4.1367785 -13.743581 -1.03903317
 [9,]  -1.6218051 -14.414170 -5.30872536
[10,]   0.0000000   0.000000  0.00000000
[1] ""
[1] "Test for all-silh :"
 [1]  -0.6376827  -3.4100570  -3.7070212  -2.6301343 -10.6025499 -10.8805044
 [7] -18.3362469 -15.0000620 -18.0200740   0.0000000
[1] ""
[1] "Test for contour :"
             [,1]        [,2]        [,3]
 [1,] -0.18874212 -0.07257069 -0.23319389
 [2,] -0.07688104 -1.80788885 -0.06827884
 [3,] -3.81671283 -2.60369019 -0.40646561
 [4,]        -Inf        -Inf        -Inf
 [5,] -6.21460810        -Inf        -Inf
 [6,]        -Inf        -Inf        -Inf
 [7,] -5.52146092        -Inf        -Inf
 [8,]        -Inf        -Inf        -Inf
 [9,]        -Inf        -Inf        -Inf
[10,]  0.00000000  0.00000000  0.00000000
[1] ""
[1] "Test for global-kde :"
             [,1]       [,2]       [,3]
 [1,]  -0.7864017 -0.7672047 -0.7468010
 [2,]  -0.8615153 -0.8776278 -0.7581072
 [3,]  -1.0329429 -1.0154485 -0.8252428
 [4,]  -1.5230309 -1.6185525 -1.2209987
 [5,]  -2.2457491 -2.2021486 -1.4988174
 [6,]  -3.9975819 -3.4948290 -2.1035135
 [7,]  -6.3293741 -6.4482542 -3.5871556
 [8,]  -7.3774402 -6.2421613 -3.2086660
 [9,] -11.3310732 -9.7260393 -5.2456845
[10,]  -0.2270144 -0.2194114 -0.2443719
[1] ""
[1] "--------------------------------"
