[1] "--------------------------------"
[1] "Test for euler :"
 [1] -21.771659 -12.904366 -14.846441 -11.994116  -7.999979  -7.244780
 [7]  -3.560888  -1.585658  -2.508595   0.000000
[1] ""
[1] "Test for indiv_silh :"
            [,1]        [,2]        [,3]
 [1,] -2.4203733 -15.3768588 -3.26485585
 [2,] -2.4054847 -15.1055805 -1.85323852
 [3,] -1.1166957 -14.8814971 -1.62276056
 [4,] -1.2005751 -14.4891220 -0.31772820
 [5,] -0.7152571 -12.9652760 -1.16517737
 [6,] -1.0083419 -11.4379982 -2.12257114
 [7,] -0.9131739  -7.7463827 -0.13692673
 [8,] -0.7060503  -5.9764012 -0.65209158
 [9,] -0.6584938  -0.5951209 -0.04328068
[10,]  0.0000000   0.0000000  0.00000000
[1] ""
[1] "Test for all-silh :"
 [1] -19.2217146 -17.2733473 -16.8347075 -15.5352048 -13.5050461 -12.1364431
 [7]  -5.5867381  -4.5253306  -0.1184735   0.0000000
[1] ""
[1] "Test for contour :"
           [,1]         [,2]       [,3]
 [1,] -5.521461         -Inf       -Inf
 [2,] -3.649659         -Inf       -Inf
 [3,] -1.845160 -4.422848629       -Inf
 [4,] -1.452434 -5.521460918       -Inf
 [5,] -2.631089 -3.649658741       -Inf
 [6,] -4.605170 -2.009915479 -6.2146081
 [7,] -2.453408 -0.365283318 -1.6194882
 [8,] -2.189256 -0.391562203 -1.1841702
 [9,] -0.759287 -0.150822890 -1.3783262
[10,]  0.000000 -0.004008021 -0.1323892
[1] ""
[1] "Test for global-kde :"
            [,1]       [,2]       [,3]
 [1,] -9.4430297 -8.7679769 -4.6762819
 [2,] -5.9106413 -5.2941348 -3.2401942
 [3,] -5.0323581 -3.9457186 -2.6699986
 [4,] -3.5069730 -3.2301257 -2.0142323
 [5,] -2.2404437 -2.1442998 -1.5120017
 [6,] -1.4829265 -1.4910026 -1.1306096
 [7,] -1.0501018 -1.0712709 -1.0137794
 [8,] -0.8663387 -0.7379119 -0.7336658
 [9,] -0.7975832 -0.8354012 -0.7752618
[10,] -0.2307771 -0.2606946 -0.2146877
[1] ""
[1] "--------------------------------"
