[1] "--------------------------------"
[1] "Test for euler :"
 [1]  -0.8212309  -0.1250337  -0.3206293  -4.6791321  -4.9261217  -9.8718671
 [7] -11.2433847  -9.5722360 -16.8472270   0.0000000
[1] ""
[1] "Test for indiv_silh :"
             [,1]        [,2]       [,3]
 [1,] -0.47569597  -1.0387991 -0.9068768
 [2,] -0.28981878  -0.5538442 -2.0910947
 [3,] -0.65005694  -1.3316705 -1.4105294
 [4,] -2.39909290  -4.3462370 -2.2388508
 [5,] -1.43469570  -3.7831353 -0.7199308
 [6,] -2.92763284 -12.5447214 -4.6651321
 [7,] -5.51903288 -12.0446226 -3.5032750
 [8,] -0.10935675 -16.1215194 -5.0200642
 [9,] -0.01321348 -15.2545564 -3.8766525
[10,]  0.00000000   0.0000000  0.0000000
[1] ""
[1] "Test for all-silh :"
 [1]  -0.3603893  -0.9298194  -0.7890549  -4.1548808  -2.1387532 -12.3393293
 [7] -13.5532238 -15.5869860 -23.6443708   0.0000000
[1] ""
[1] "Test for contour :"
            [,1]      [,2]       [,3]
 [1,] -0.9571127 -1.807889 -0.6500877
 [2,] -0.7635696 -1.692820 -0.5041811
 [3,] -0.4780358 -1.152013 -2.6882476
 [4,] -2.2072749      -Inf       -Inf
 [5,]       -Inf      -Inf       -Inf
 [6,]       -Inf      -Inf       -Inf
 [7,]       -Inf      -Inf       -Inf
 [8,]       -Inf      -Inf       -Inf
 [9,] -2.4079456      -Inf       -Inf
[10,]  0.0000000  0.000000  0.0000000
[1] ""
[1] "Test for global-kde :"
            [,1]        [,2]       [,3]
 [1,] -0.8558681  -0.9230728 -0.6938652
 [2,] -0.7987177  -0.7969794 -0.8039864
 [3,] -1.1601439  -0.9968794 -0.8735001
 [4,] -1.4640195  -1.6218210 -1.2857670
 [5,] -1.9870191  -2.2008297 -1.5951123
 [6,] -3.9747523  -3.6966906 -1.9324456
 [7,] -6.0266118  -5.6307941 -2.8800669
 [8,] -6.5771389  -6.4143464 -3.7818888
 [9,] -8.4238365 -10.4395715 -5.7263570
[10,] -0.2059525  -0.2182057 -0.2413109
[1] ""
[1] "--------------------------------"
