[1] "--------------------------------"
[1] "Test for euler :"
 [1]  -0.1229983  -0.3845606  -1.6329312  -3.8959710 -12.7354398 -10.2333412
 [7] -13.9734184 -16.5671102 -18.7343771   0.0000000
[1] ""
[1] "Test for indiv_silh :"
            [,1]        [,2]       [,3]
 [1,] -0.9286569  -1.1033115 -0.3985473
 [2,] -0.4906673  -0.6906721 -1.1739587
 [3,] -0.1435260  -3.9007721 -1.0999281
 [4,] -1.5735276  -3.0475990 -0.1260575
 [5,] -4.2084357 -10.2979018 -1.1859187
 [6,] -0.1738087 -14.7794114 -1.5168707
 [7,] -0.8282299 -13.1615828 -3.4843388
 [8,] -2.4551036 -17.0639074 -4.9511520
 [9,] -1.0856206 -15.8671880 -0.6381047
[10,]  0.0000000   0.0000000  0.0000000
[1] ""
[1] "Test for all-silh :"
 [1]  -0.4405157  -0.5453217  -1.9409406  -2.2720626 -11.7951305 -14.6268125
 [7] -13.0492236 -23.3949017 -19.4975661   0.0000000
[1] ""
[1] "Test for contour :"
            [,1]      [,2]         [,3]
 [1,] -0.7550226 -2.207275 -1.703748592
 [2,] -0.5621189 -1.560648 -1.294627173
 [3,] -2.5010360 -4.422849 -6.214608098
 [4,] -3.5065579      -Inf         -Inf
 [5,] -3.7297014      -Inf         -Inf
 [6,] -4.8283137      -Inf         -Inf
 [7,]       -Inf      -Inf         -Inf
 [8,] -6.2146081      -Inf         -Inf
 [9,] -2.9957323      -Inf         -Inf
[10,]  0.0000000  0.000000 -0.002002003
[1] ""
[1] "Test for global-kde :"
             [,1]        [,2]       [,3]
 [1,]  -0.6982457  -0.7205504 -0.7528693
 [2,]  -0.7297208  -0.8731040 -0.8544116
 [3,]  -1.1007178  -1.2334362 -0.9567965
 [4,]  -1.6142837  -1.7647404 -1.1077636
 [5,]  -2.2620397  -2.2083533 -1.7345626
 [6,]  -3.5195858  -3.4391172 -2.0935810
 [7,]  -4.6647797  -4.6520317 -2.7829912
 [8,]  -7.7821145  -5.7423194 -3.2379506
 [9,] -12.1803202 -10.5945717 -5.7556092
[10,]  -0.2204210  -0.2272182 -0.2409589
[1] ""
[1] "--------------------------------"
