[1] "--------------------------------"
[1] "Test for euler :"
 [1]  -9.5833168 -11.5105617  -7.7030058  -8.0388036  -3.3852281  -2.9490136
 [7]  -1.8615244  -0.5113622  -1.7794083   0.0000000
[1] ""
[1] "Test for indiv_silh :"
            [,1]        [,2]        [,3]
 [1,] -0.8165403 -13.6041215 -3.04098549
 [2,] -0.5882742 -13.3850276 -1.94460906
 [3,] -1.1408153 -13.2636873 -1.69018870
 [4,] -0.9554377 -12.7777818 -0.33085429
 [5,] -0.9428928 -11.1915602 -0.17959787
 [6,] -0.9313254  -9.9262637 -0.27638686
 [7,] -1.5262245  -6.7853771 -0.55017992
 [8,] -0.9447891  -2.4314111 -0.08280701
 [9,] -0.7292345  -0.7371253 -0.74571644
[10,]  0.0000000   0.0000000  0.00000000
[1] ""
[1] "Test for all-silh :"
 [1] -14.5527677 -14.6346178 -13.6211150 -11.9995795  -9.5326390  -8.2955301
 [7]  -4.3989182  -1.2523585  -0.1862878   0.0000000
[1] ""
[1] "Test for contour :"
            [,1]         [,2]       [,3]
 [1,] -3.5065579         -Inf       -Inf
 [2,]       -Inf         -Inf       -Inf
 [3,] -2.1202635         -Inf       -Inf
 [4,] -2.0099155         -Inf       -Inf
 [5,] -1.4354846 -2.040220829       -Inf
 [6,] -1.5994876 -2.137070655       -Inf
 [7,] -0.9675840 -0.729811165 -3.9120230
 [8,] -0.4215945 -1.505077897 -1.0384584
 [9,] -0.4684049 -0.755022584 -0.1142891
[10,]  0.0000000 -0.002002003 -0.2033409
[1] ""
[1] "Test for global-kde :"
             [,1]       [,2]       [,3]
 [1,] -10.8830956 -9.3331983 -4.8306236
 [2,]  -8.2931772 -6.3476891 -3.9165778
 [3,]  -5.6434572 -4.0772157 -2.8623695
 [4,]  -3.5451600 -3.2094006 -2.2284014
 [5,]  -2.4672996 -2.3518036 -1.9610352
 [6,]  -1.5483777 -1.5559170 -1.5279914
 [7,]  -1.0349959 -1.0710391 -1.0954958
 [8,]  -0.8055919 -0.8715853 -0.8018075
 [9,]  -0.7589094 -0.8927707 -0.9362186
[10,]  -0.2279325 -0.2560806 -0.2128617
[1] ""
[1] "--------------------------------"
