[1] "--------------------------------"
[1] "Test for euler :"
 [1] -14.432409854 -10.079278015 -11.375444026  -5.324850364  -3.691802260
 [6]  -4.776104968  -2.128440228  -0.871604767  -0.001171615   0.000000000
[1] ""
[1] "Test for indiv_silh :"
            [,1]       [,2]       [,3]
 [1,] -0.7787505 -19.771078 -4.9412271
 [2,] -0.0874332 -19.768723 -2.8285099
 [3,] -0.8238578 -19.342792 -1.5637760
 [4,] -0.2860177 -18.679485 -2.3047266
 [5,] -0.7136737 -18.685569 -1.1818246
 [6,] -1.0554154 -16.217683 -1.7769928
 [7,] -0.3375288 -15.319411 -2.0704485
 [8,] -0.2641846  -6.229577 -2.1298283
 [9,] -1.1660266  -2.005767 -0.5532207
[10,]  0.0000000   0.000000  0.0000000
[1] ""
[1] "Test for all-silh :"
 [1] -26.0305270 -24.9656733 -21.9264669 -21.0747378 -16.5787827 -18.1407698
 [7] -15.1790651  -4.9101741  -0.9893763   0.0000000
[1] ""
[1] "Test for contour :"
            [,1]        [,2]        [,3]
 [1,] -3.7297014        -Inf        -Inf
 [2,] -6.2146081        -Inf        -Inf
 [3,] -3.6496587        -Inf        -Inf
 [4,] -1.1841702        -Inf        -Inf
 [5,] -2.3859667        -Inf        -Inf
 [6,] -0.7133499 -6.21460810        -Inf
 [7,] -4.4228486 -3.12356565 -2.99573227
 [8,] -2.7488722 -0.53443549 -2.43041846
 [9,] -1.1711830 -1.00512195 -1.30195321
[10,]  0.0000000 -0.01409892 -0.05551271
[1] ""
[1] "Test for global-kde :"
             [,1]       [,2]       [,3]
 [1,] -11.4142627 -9.4543534 -4.0314614
 [2,]  -7.9561743 -8.7271375 -3.8971707
 [3,]  -4.6140858 -4.7402218 -3.1280936
 [4,]  -3.4309857 -3.2829130 -2.5514744
 [5,]  -2.2887755 -2.2779703 -1.7290986
 [6,]  -1.6790407 -1.6287921 -1.3429135
 [7,]  -1.0351747 -1.0260150 -0.9690333
 [8,]  -0.8691319 -0.9012093 -0.9455568
 [9,]  -0.8150217 -0.8144152 -0.8026220
[10,]  -0.2255998 -0.2564817 -0.2024965
[1] ""
[1] "--------------------------------"
