[1] "--------------------------------"
[1] "Test for euler :"
 [1]  -0.58003094  -0.19230588  -0.07094603  -2.39195440  -3.25997225
 [6]  -8.48369995 -11.72244465  -7.29916725 -16.82322656   0.00000000
[1] ""
[1] "Test for indiv_silh :"
            [,1]        [,2]      [,3]
 [1,] -1.0104145  -0.8874734 -3.153437
 [2,] -0.7512708  -1.0193360 -1.340424
 [3,] -0.2570227  -4.9447226 -1.338920
 [4,] -4.3319426  -8.7423444 -4.624460
 [5,] -0.7046186  -6.7286158 -1.063100
 [6,] -3.0188792 -10.2273533 -2.796287
 [7,] -2.2331906 -15.4278755 -2.855357
 [8,] -0.2034403 -10.7706317 -2.647660
 [9,] -0.5008031 -16.7535795 -2.947112
[10,]  0.0000000   0.0000000  0.000000
[1] ""
[1] "Test for all-silh :"
 [1]  -1.4222584  -0.4977993  -3.6295932 -13.0831173  -5.4681388  -9.8817523
 [7] -16.4027127 -11.7400378 -21.2933134   0.0000000
[1] ""
[1] "Test for contour :"
            [,1]      [,2]       [,3]
 [1,] -0.2156715 -4.268698 -0.3092463
 [2,] -0.1009259      -Inf -1.3019532
 [3,] -1.3019532 -1.737271 -1.6194882
 [4,] -3.3813948      -Inf       -Inf
 [5,]       -Inf      -Inf       -Inf
 [6,]       -Inf      -Inf       -Inf
 [7,]       -Inf      -Inf       -Inf
 [8,]       -Inf      -Inf       -Inf
 [9,]       -Inf      -Inf       -Inf
[10,]  0.0000000  0.000000  0.0000000
[1] ""
[1] "Test for global-kde :"
            [,1]       [,2]       [,3]
 [1,] -0.7146933 -0.7473386 -0.7541163
 [2,] -0.8581554 -0.8547627 -0.7884210
 [3,] -1.0101277 -1.1464845 -0.8964047
 [4,] -1.4856409 -1.5965638 -1.2414731
 [5,] -2.5675117 -2.3055343 -1.5601665
 [6,] -4.0816444 -4.0943675 -2.1279271
 [7,] -5.4419710 -4.8773431 -3.0226906
 [8,] -9.6932547 -8.2076061 -4.0602119
 [9,] -9.9137897 -8.9035233 -4.7139980
[10,] -0.2229333 -0.2280830 -0.2474753
[1] ""
[1] "--------------------------------"
