[1] "--------------------------------"
[1] "Test for euler :"
 [1] -13.5647495  -8.7826015  -8.0425982  -5.5886133  -5.2075069  -4.4997645
 [7]  -4.6895103  -0.6528577  -2.0306273   0.0000000
[1] ""
[1] "Test for indiv_silh :"
             [,1]        [,2]        [,3]
 [1,] -3.25850265 -12.5574606 -1.19760105
 [2,] -1.07701059 -12.2514917 -2.26863957
 [3,] -0.46439101 -11.7436487 -0.11951609
 [4,] -0.58907742 -11.1788841 -0.02825782
 [5,] -0.97526421 -10.7082702 -0.20168730
 [6,] -0.15954782  -9.7305190 -1.11307055
 [7,] -0.01784511  -5.6980774 -0.64682211
 [8,] -0.27588205  -2.0303197 -0.47994881
 [9,] -2.15964963  -0.2753268 -2.94626601
[10,]  0.00000000   0.0000000  0.00000000
[1] ""
[1] "Test for all-silh :"
 [1] -16.209070 -12.679637 -11.696099 -10.813068 -10.334941  -9.376428
 [7]  -4.366799  -0.745881  -2.120590   0.000000
[1] ""
[1] "Test for contour :"
           [,1]         [,2]       [,3]
 [1,] -4.828314         -Inf       -Inf
 [2,] -4.605170         -Inf       -Inf
 [3,] -5.115996         -Inf       -Inf
 [4,] -3.270169         -Inf       -Inf
 [5,] -5.115996         -Inf       -Inf
 [6,] -4.268698 -0.036663984 -5.1159958
 [7,] -4.828314 -1.096614286 -1.3625778
 [8,] -2.956512 -0.196014884 -0.5621189
 [9,] -0.657780 -0.789658081 -2.0874737
[10,]  0.000000 -0.004008021 -0.1461825
[1] ""
[1] "Test for global-kde :"
             [,1]        [,2]       [,3]
 [1,] -10.3741638 -10.4805172 -4.3975312
 [2,]  -6.2773755  -5.4240253 -3.7530528
 [3,]  -4.7212700  -4.2953277 -2.8811718
 [4,]  -4.0264173  -4.5505435 -2.4400898
 [5,]  -2.1698492  -2.0634317 -1.5815895
 [6,]  -1.6534278  -1.8164777 -1.2355370
 [7,]  -1.0740953  -1.2008142 -0.9474629
 [8,]  -0.8898001  -0.9221061 -0.8091819
 [9,]  -0.8309598  -0.8589721 -0.7428174
[10,]  -0.2206209  -0.2598789 -0.2246845
[1] ""
[1] "--------------------------------"
