[1] "--------------------------------"
[1] "Test for euler :"
 [1]   0.0000000  -0.5466175  -1.3555539  -1.3714253  -2.5718100  -0.9137456
 [7]  -5.4573111 -10.4428129  -6.3551674  -0.1863328
[1] ""
[1] "Test for indiv_silh :"
            [,1]         [,2]        [,3]
 [1,]  0.0000000   0.00000000  0.00000000
 [2,] -0.4222250  -0.16760364 -0.35481021
 [3,] -0.6395816  -0.44767309 -0.31167610
 [4,] -0.3293375  -2.66006991 -0.04338670
 [5,] -6.8696872  -7.68717033 -0.60426688
 [6,] -3.3023826  -8.46316464 -2.27499063
 [7,] -0.9202410 -12.42569987 -1.91379050
 [8,] -2.1996914 -14.82583288 -5.42764895
 [9,] -1.8805449 -14.87306437 -0.73212502
[10,] -0.5754903  -0.03087953 -0.03261881
[1] ""
[1] "Test for all-silh :"
 [1]   0.00000000  -0.02440095  -0.12862783  -1.30843672 -11.08292735
 [6]  -8.59062343 -19.18363087 -18.77665844 -19.15944885  -0.04659463
[1] ""
[1] "Test for distr :"
            [,1]       [,2]       [,3]
 [1,]   0.000000   0.000000   0.000000
 [2,]  -1.528446  -2.036594  -2.126744
 [3,]  -4.840456  -4.638826  -2.127751
 [4,]  -5.641082  -8.414572  -3.088532
 [5,] -15.963967 -11.230281  -5.069542
 [6,] -32.459209 -26.502993  -5.082803
 [7,] -39.444851 -20.127755  -7.222323
 [8,]       -Inf -34.772022  -8.940784
 [9,]       -Inf -38.751704 -10.451251
[10,]  -1.824333  -2.268897  -1.851705
[1] ""
[1] "Test for contour :"
       [,1]  [,2]  [,3]
 [1,] 0.000 0.000 0.000
 [2,] 0.044 0.802 0.364
 [3,] 0.804 0.974 0.914
 [4,] 0.556 1.000 0.986
 [5,] 1.000 1.000 1.000
 [6,] 1.000 1.000 1.000
 [7,] 1.000 1.000 1.000
 [8,] 0.998 1.000 1.000
 [9,] 0.994 1.000 1.000
[10,] 0.068 0.326 0.638
[1] ""
[1] "--------------------------------"
