[1] "--------------------------------"
[1] "Test for euler :"
 [1]   0.000000  -6.506433  -5.921318  -5.807660 -10.385662 -13.017889
 [7] -14.701935 -19.809830 -20.118017 -19.690886
[1] ""
[1] "Test for indiv_silh :"
            [,1]       [,2]       [,3]
 [1,]  0.0000000   0.000000  0.0000000
 [2,] -2.6632165  -4.863569 -2.6385599
 [3,] -0.3216595  -3.688383 -0.8457553
 [4,] -4.6148691  -6.284435 -2.3432960
 [5,] -2.3016320 -10.673484 -1.0578770
 [6,] -4.0393372 -10.997561 -0.7318391
 [7,] -4.4832203 -22.992246 -1.0938881
 [8,] -6.5843357 -18.637671 -2.2759882
 [9,] -0.2870912 -13.789142 -3.0299230
[10,] -3.1104829 -20.337494 -3.0357381
[1] ""
[1] "Test for all-silh :"
 [1]   0.000000  -4.872926  -2.472662  -6.408801 -12.096212 -13.368416
 [7] -22.771717 -24.206668 -14.262973 -23.723253
[1] ""
[1] "Test for distr :"
            [,1]       [,2]       [,3]
 [1,]   0.000000   0.000000   0.000000
 [2,]  -1.481108  -1.855008  -1.379209
 [3,]  -5.003038  -4.062797  -1.520500
 [4,]  -7.829491  -5.718044  -3.098138
 [5,] -18.456189 -13.074855  -3.426395
 [6,] -32.815488 -18.959296  -4.038877
 [7,]       -Inf       -Inf  -7.902794
 [8,]       -Inf       -Inf  -8.450262
 [9,]       -Inf       -Inf -19.341616
[10,]       -Inf       -Inf -14.551489
[1] ""
[1] "Test for contour :"
       [,1]  [,2]  [,3]
 [1,] 0.000 0.000 0.002
 [2,] 0.830 0.388 0.242
 [3,] 0.990 0.754 0.794
 [4,] 0.998 0.932 0.996
 [5,] 1.000 1.000 1.000
 [6,] 1.000 1.000 1.000
 [7,] 1.000 1.000 1.000
 [8,] 1.000 1.000 1.000
 [9,] 0.986 1.000 1.000
[10,] 0.998 1.000 1.000
[1] ""
[1] "--------------------------------"
