[1] "--------------------------------"
[1] "Test for euler :"
 [1]   0.0000000  -0.4018891  -3.6452808  -2.9234113  -7.4013547 -10.7452251
 [7] -10.1363971 -13.1964437 -28.2163943 -12.3951665
[1] ""
[1] "Test for indiv_silh :"
             [,1]       [,2]       [,3]
 [1,]  0.00000000   0.000000  0.0000000
 [2,] -0.08835778  -4.077803 -0.4882775
 [3,] -1.41104227  -2.875218 -0.6063313
 [4,] -2.43817655  -7.217435 -1.1999334
 [5,] -2.66413920 -10.538159 -0.6905209
 [6,] -1.99860250  -9.792590 -1.7492507
 [7,] -0.60435814 -20.712134 -1.4538762
 [8,] -1.97459547 -15.246112 -1.0437288
 [9,] -3.86533729 -18.085618 -0.6251531
[10,] -0.71651204 -17.044481 -2.2346883
[1] ""
[1] "Test for all-silh :"
 [1]   0.000000  -2.072348  -2.858585  -5.944084  -9.228138  -8.437126
 [7] -20.686177 -15.396213 -24.199204 -19.323035
[1] ""
[1] "Test for distr :"
            [,1]       [,2]       [,3]
 [1,]   0.000000   0.000000   0.000000
 [2,]  -1.436514  -1.529285  -1.631358
 [3,]  -3.926896  -3.708664  -2.794860
 [4,] -10.837813  -9.095173  -2.681871
 [5,] -15.478765  -9.045984  -4.190501
 [6,] -32.692580 -25.610492  -7.354954
 [7,]       -Inf -37.365409 -10.123998
 [8,]       -Inf       -Inf -13.959819
 [9,]       -Inf       -Inf -15.556983
[10,]       -Inf       -Inf -13.209910
[1] ""
[1] "Test for contour :"
       [,1]  [,2]  [,3]
 [1,] 0.000 0.002 0.000
 [2,] 0.906 0.676 0.970
 [3,] 0.976 0.966 0.996
 [4,] 0.832 1.000 1.000
 [5,] 0.996 1.000 1.000
 [6,] 1.000 1.000 1.000
 [7,] 1.000 1.000 1.000
 [8,] 1.000 1.000 1.000
 [9,] 0.894 1.000 1.000
[10,] 0.962 1.000 1.000
[1] ""
[1] "--------------------------------"
