[1] "--------------------------------"
[1] "Test for euler :"
 [1]   0.0000000  -2.3671226  -0.7295362  -0.9226379  -3.1014882  -5.6795964
 [7]  -6.7542114  -8.8600727 -11.3391330 -14.6669529
[1] ""
[1] "Test for indiv_silh :"
              [,1]        [,2]      [,3]
 [1,]  0.000000000   0.0000000  0.000000
 [2,] -3.861207145  -0.3604695 -2.294903
 [3,] -0.033912789  -0.4239591 -1.910292
 [4,] -0.139853261  -3.8551924 -2.475953
 [5,] -0.213926878  -2.7672719 -1.809626
 [6,] -1.015840768  -9.4735996 -4.598184
 [7,] -0.002336216 -14.3744653 -2.827064
 [8,] -2.317760485 -12.0450387 -7.731708
 [9,] -0.081327701 -17.3477687 -1.305952
[10,] -2.333427856 -14.7808467 -4.122082
[1] ""
[1] "Test for all-silh :"
 [1]   0.0000000  -2.5429749  -0.6617044  -2.5324626  -1.4152813  -7.5530292
 [7] -13.9731143 -16.2006847 -20.0042081 -19.8074748
[1] ""
[1] "Test for distr :"
            [,1]       [,2]       [,3]
 [1,]   0.000000   0.000000   0.000000
 [2,]  -1.738592  -2.420874  -2.034713
 [3,]  -4.456773  -3.781393  -2.047123
 [4,] -11.000600  -6.355157  -2.802916
 [5,] -19.302486 -12.926197  -7.120373
 [6,] -33.071531 -26.317036  -8.000368
 [7,]       -Inf -33.268984  -9.520529
 [8,]       -Inf       -Inf  -8.436913
 [9,]       -Inf       -Inf -12.407746
[10,]       -Inf       -Inf -17.336944
[1] ""
[1] "Test for contour :"
       [,1]  [,2]  [,3]
 [1,] 0.000 0.000 0.000
 [2,] 0.752 0.916 0.260
 [3,] 0.996 0.904 0.762
 [4,] 1.000 1.000 1.000
 [5,] 1.000 0.998 1.000
 [6,] 1.000 1.000 1.000
 [7,] 1.000 1.000 1.000
 [8,] 1.000 1.000 1.000
 [9,] 0.964 1.000 1.000
[10,] 1.000 1.000 1.000
[1] ""
[1] "--------------------------------"
