[1] "--------------------------------"
[1] "Test for euler :"
 [1]   0.0000000  -0.4018891  -3.6452808  -2.9234113  -7.4013547 -10.7452251
 [7] -10.1363971 -13.1964437 -28.2163943  -1.2993065
[1] ""
[1] "Test for indiv_silh :"
             [,1]        [,2]       [,3]
 [1,]  0.00000000   0.0000000  0.0000000
 [2,] -0.08835778  -4.0778031 -0.4882775
 [3,] -1.41104227  -2.8752176 -0.6063313
 [4,] -2.43817655  -7.2174352 -1.1999334
 [5,] -2.66413920 -10.5381590 -0.6905209
 [6,] -1.99860250  -9.7925897 -1.7492507
 [7,] -0.60435814 -20.7121338 -1.4538762
 [8,] -1.97459547 -15.2461116 -1.0437288
 [9,] -3.86533729 -18.0856177 -0.6251531
[10,] -0.52316327  -0.9468048 -0.1056963
[1] ""
[1] "Test for all-silh :"
 [1]   0.0000000  -2.0723476  -2.8585850  -5.9440836  -9.2281381  -8.4371255
 [7] -20.6861770 -15.3962130 -24.1992036  -0.1890242
[1] ""
[1] "Test for distr :"
            [,1]       [,2]       [,3]
 [1,]   0.000000   0.000000   0.000000
 [2,]  -1.436514  -1.529285  -1.631358
 [3,]  -3.926896  -3.708664  -2.794860
 [4,] -10.837813  -9.095173  -2.681871
 [5,] -15.478765  -9.045984  -4.190501
 [6,] -32.692580 -25.610492  -7.354954
 [7,]       -Inf -37.365409 -10.123998
 [8,]       -Inf       -Inf -13.959819
 [9,]       -Inf       -Inf -15.556983
[10,]  -1.434029  -1.458161  -1.452147
[1] ""
[1] "Test for contour :"
       [,1]  [,2]  [,3]
 [1,] 0.000 0.002 0.000
 [2,] 0.878 0.694 0.970
 [3,] 0.964 0.968 0.994
 [4,] 0.852 1.000 1.000
 [5,] 0.980 1.000 1.000
 [6,] 0.998 1.000 1.000
 [7,] 1.000 1.000 1.000
 [8,] 1.000 1.000 1.000
 [9,] 0.910 1.000 1.000
[10,] 0.614 0.886 0.624
[1] ""
[1] "--------------------------------"
