[1] "--------------------------------"
[1] "Test for euler :"
 [1]   0.000000  -1.379532  -1.203118  -2.776101  -5.611552  -3.266990
 [7]  -7.866365 -13.707194 -12.277713 -14.674865
[1] ""
[1] "Test for indiv_silh :"
            [,1]       [,2]        [,3]
 [1,]  0.0000000   0.000000  0.00000000
 [2,] -0.3122957  -2.066898 -0.07088279
 [3,] -1.4893756  -1.388023 -1.48606845
 [4,] -0.7869530  -2.248681 -0.58651299
 [5,] -2.8499894  -7.706903 -1.36352973
 [6,] -3.0625245  -9.607420 -0.34163174
 [7,] -5.7100397 -10.988266 -1.87792367
 [8,] -1.6227175 -13.331651 -0.96141605
 [9,] -0.5036684 -14.113980 -4.36915800
[10,] -4.1977538 -11.188177 -1.20150240
[1] ""
[1] "Test for all-silh :"
 [1]   0.0000000  -0.8920567  -0.7501523  -0.8126000  -5.8576483  -7.1462840
 [7] -11.0903198 -13.3609618 -15.7282669 -10.5736118
[1] ""
[1] "Test for distr :"
            [,1]       [,2]       [,3]
 [1,]   0.000000   0.000000   0.000000
 [2,]  -1.169031  -1.748453  -1.589580
 [3,]  -3.119676  -3.446357  -1.910038
 [4,]  -6.647029  -6.507358  -4.010485
 [5,] -14.635215  -9.933788  -6.037593
 [6,] -31.390011 -19.347925  -8.652563
 [7,]       -Inf       -Inf -12.190489
 [8,]       -Inf -22.325836 -10.611594
 [9,]       -Inf       -Inf -13.961787
[10,]       -Inf       -Inf -11.774440
[1] ""
[1] "Test for contour :"
       [,1]  [,2]  [,3]
 [1,] 0.000 0.000 0.000
 [2,] 0.712 0.836 0.604
 [3,] 0.988 0.652 0.870
 [4,] 0.978 1.000 1.000
 [5,] 1.000 0.998 1.000
 [6,] 1.000 1.000 1.000
 [7,] 1.000 1.000 1.000
 [8,] 0.996 1.000 1.000
 [9,] 0.990 1.000 1.000
[10,] 0.996 1.000 1.000
[1] ""
[1] "--------------------------------"
