[1] "--------------------------------"
[1] "Test for euler :"
 [1]   0.000000  -6.506433  -5.921318  -5.807660 -10.385662 -13.017889
 [7] -14.701935 -19.809830 -20.118017  -1.269693
[1] ""
[1] "Test for indiv_silh :"
            [,1]       [,2]       [,3]
 [1,]  0.0000000   0.000000  0.0000000
 [2,] -2.6632165  -4.863569 -2.6385599
 [3,] -0.3216595  -3.688383 -0.8457553
 [4,] -4.6148691  -6.284435 -2.3432960
 [5,] -2.3016320 -10.673484 -1.0578770
 [6,] -4.0393372 -10.997561 -0.7318391
 [7,] -4.4832203 -22.992246 -1.0938881
 [8,] -6.5843357 -18.637671 -2.2759882
 [9,] -0.2870912 -13.789142 -3.0299230
[10,] -0.7728036  -1.611732 -0.8520005
[1] ""
[1] "Test for all-silh :"
 [1]   0.0000000  -4.8729257  -2.4726618  -6.4088007 -12.0962123 -13.3684156
 [7] -22.7717172 -24.2066681 -14.2629728  -0.6971816
[1] ""
[1] "Test for distr :"
            [,1]       [,2]       [,3]
 [1,]   0.000000   0.000000   0.000000
 [2,]  -1.481108  -1.855008  -1.379209
 [3,]  -5.003038  -4.062797  -1.520500
 [4,]  -7.829491  -5.718044  -3.098138
 [5,] -18.456189 -13.074855  -3.426395
 [6,] -32.815488 -18.959296  -4.038877
 [7,]       -Inf       -Inf  -7.902794
 [8,]       -Inf       -Inf  -8.450262
 [9,]       -Inf       -Inf -19.341616
[10,]  -1.010048  -2.124946  -1.713167
[1] ""
[1] "Test for contour :"
       [,1]  [,2]  [,3]
 [1,] 0.000 0.000 0.000
 [2,] 0.836 0.452 0.280
 [3,] 0.986 0.766 0.822
 [4,] 0.992 0.926 0.996
 [5,] 1.000 1.000 1.000
 [6,] 1.000 1.000 1.000
 [7,] 1.000 1.000 1.000
 [8,] 1.000 1.000 1.000
 [9,] 0.994 1.000 1.000
[10,] 0.544 0.082 0.328
[1] ""
[1] "--------------------------------"
