[1] "--------------------------------"
[1] "Test for euler :"
 [1]   0.0000000  -0.7069059  -0.3154723  -3.0543515  -3.4002506  -7.8877951
 [7]  -9.3049778  -7.6577189 -15.1946177 -17.0272155
[1] ""
[1] "Test for indiv_silh :"
            [,1]        [,2]      [,3]
 [1,]  0.0000000   0.0000000  0.000000
 [2,] -0.9102812  -0.4106417 -2.907275
 [3,] -1.1820294  -4.0420648 -2.874145
 [4,] -3.1140143  -7.5517726 -3.709719
 [5,] -2.0518952  -5.3694848 -2.070452
 [6,] -3.6140808 -14.0836151 -5.618171
 [7,] -6.1097530 -12.9147373 -5.369222
 [8,] -0.4327579 -16.1322278 -5.761929
 [9,] -0.2733395 -15.3380482 -4.451839
[10,] -2.1910584 -13.7446241 -4.178906
[1] ""
[1] "Test for all-silh :"
 [1]   0.000000  -1.561491  -2.751599  -6.448180  -3.527838 -13.788997
 [7] -13.723361 -17.112888 -24.497535 -18.103938
[1] ""
[1] "Test for distr :"
            [,1]       [,2]       [,3]
 [1,]   0.000000   0.000000   0.000000
 [2,]  -1.459343  -1.809463  -1.479676
 [3,]  -3.264723  -2.399748  -1.604091
 [4,]  -8.039713  -5.257525  -3.341101
 [5,] -14.998197 -13.236774  -3.385589
 [6,] -35.002200 -21.383232  -5.283714
 [7,]       -Inf       -Inf -10.462642
 [8,]       -Inf       -Inf -12.772236
 [9,]       -Inf       -Inf -19.747933
[10,]       -Inf       -Inf -15.422355
[1] ""
[1] "Test for contour :"
       [,1]  [,2]  [,3]
 [1,] 0.000 0.000 0.000
 [2,] 0.076 0.478 0.928
 [3,] 0.968 0.780 0.986
 [4,] 0.960 0.900 1.000
 [5,] 1.000 1.000 1.000
 [6,] 1.000 1.000 1.000
 [7,] 1.000 1.000 1.000
 [8,] 1.000 1.000 1.000
 [9,] 0.984 1.000 1.000
[10,] 0.834 1.000 1.000
[1] ""
[1] "--------------------------------"
