[1] "--------------------------------"
[1] "Test for euler :"
 [1]   0.00000000  -0.08972243  -0.56800564  -3.32835782  -1.58541844
 [6]  -7.77116008 -14.51972949 -14.89079319 -19.67896568 -15.72845947
[1] ""
[1] "Test for indiv_silh :"
           [,1]        [,2]      [,3]
 [1,]  0.000000   0.0000000  0.000000
 [2,] -1.887077  -0.5140394 -1.479092
 [3,] -3.871523  -1.9703281 -1.220575
 [4,] -5.331149  -0.9162511 -2.015484
 [5,] -2.258108 -10.7884264 -2.271015
 [6,] -8.414333  -9.1508832 -1.775511
 [7,] -1.753871 -12.4915152 -3.082801
 [8,] -7.104137 -20.5513499 -3.320726
 [9,] -2.740484 -11.8290352 -5.662882
[10,] -2.232965 -17.8421648 -1.718866
[1] ""
[1] "Test for all-silh :"
 [1]   0.0000000  -0.8724143  -3.0345735  -3.6353391 -10.0855175 -12.8458834
 [7] -12.6709194 -24.2553032 -14.7672083 -20.8501280
[1] ""
[1] "Test for distr :"
            [,1]       [,2]       [,3]
 [1,]   0.000000   0.000000   0.000000
 [2,]  -1.999778  -3.272213  -1.549040
 [3,]  -4.902691  -4.317461  -2.196570
 [4,] -12.318528  -8.087291  -4.222282
 [5,] -14.893139  -9.407061  -5.373179
 [6,] -24.256012 -21.868195  -8.929763
 [7,]       -Inf       -Inf -12.557454
 [8,]       -Inf       -Inf -10.948397
 [9,]       -Inf       -Inf -19.192876
[10,]       -Inf       -Inf -13.757206
[1] ""
[1] "Test for contour :"
       [,1]  [,2]  [,3]
 [1,] 0.000 0.000 0.000
 [2,] 0.618 0.862 0.654
 [3,] 0.924 0.924 0.998
 [4,] 0.996 0.988 1.000
 [5,] 0.998 1.000 1.000
 [6,] 1.000 1.000 1.000
 [7,] 1.000 1.000 1.000
 [8,] 1.000 1.000 1.000
 [9,] 0.992 1.000 1.000
[10,] 1.000 1.000 1.000
[1] ""
[1] "--------------------------------"
