[1] "--------------------------------"
[1] "Test for euler :"
 [1]   0.0000000  -0.5736001  -1.0862026  -1.1916778  -5.6901471  -6.2953407
 [7]  -7.7987787 -10.9906714 -16.1381064  -9.5833168
[1] ""
[1] "Test for indiv_silh :"
            [,1]        [,2]       [,3]
 [1,]  0.0000000   0.0000000  0.0000000
 [2,] -0.3215171  -0.2515688 -0.4648537
 [3,] -2.4649389  -0.4698144 -0.6275985
 [4,] -2.2330941  -2.3733859 -1.4435817
 [5,] -1.9565787  -5.5145979 -1.9961624
 [6,] -2.0131882 -12.0361681 -3.9129794
 [7,] -2.7652798 -10.4112028 -4.0558152
 [8,] -2.0488798 -12.2999708 -1.8412736
 [9,] -0.2911965 -11.4221928 -2.8977852
[10,] -0.8165403 -13.6041215 -3.0409855
[1] ""
[1] "Test for all-silh :"
 [1]   0.00000000  -0.05311995  -1.08585180  -2.04185837  -3.73684008
 [6]  -9.45978480 -12.13976743 -16.70216371 -10.98925086 -14.55276774
[1] ""
[1] "Test for distr :"
            [,1]       [,2]       [,3]
 [1,]   0.000000   0.000000   0.000000
 [2,]  -1.427364  -1.933859  -1.325731
 [3,]  -3.200136  -3.512265  -2.079263
 [4,] -10.212552  -8.556234  -4.002698
 [5,] -16.404650 -13.516560  -4.319817
 [6,] -35.140786 -23.197383  -5.678251
 [7,]       -Inf -32.309960  -9.007610
 [8,]       -Inf       -Inf -14.328110
 [9,]       -Inf       -Inf  -9.215674
[10,]       -Inf       -Inf -14.886995
[1] ""
[1] "Test for contour :"
       [,1]  [,2]  [,3]
 [1,] 0.000 0.000 0.000
 [2,] 0.974 0.860 0.408
 [3,] 0.732 0.736 0.796
 [4,] 0.976 0.960 0.982
 [5,] 0.960 1.000 1.000
 [6,] 1.000 1.000 1.000
 [7,] 0.998 1.000 1.000
 [8,] 1.000 1.000 1.000
 [9,] 0.990 1.000 1.000
[10,] 0.976 1.000 1.000
[1] ""
[1] "--------------------------------"
