[1] "--------------------------------"
[1] "Test for euler :"
 [1]   0.0000000  -0.3347539  -1.8463271  -4.4973147  -2.3734179  -9.8997017
 [7] -14.2365061 -14.8016813 -17.1083410 -19.3258827
[1] ""
[1] "Test for indiv_silh :"
             [,1]        [,2]        [,3]
 [1,]   0.0000000   0.0000000  0.00000000
 [2,]  -0.8862036  -0.3644775 -0.01230439
 [3,]  -0.5913317  -0.2606249 -0.54547181
 [4,]  -6.0346695  -3.4936761 -0.23202892
 [5,]  -3.0102432  -4.7060394 -0.62255222
 [6,]  -6.9530202 -16.3349530 -1.24967854
 [7,] -10.5297488 -16.2835129 -0.25207831
 [8,]  -5.7057059 -18.7243139 -1.07278941
 [9,]  -5.4119645 -18.0512713 -1.99147079
[10,]  -5.8293044 -15.4444663 -2.29954504
[1] ""
[1] "Test for all-silh :"
 [1]   0.0000000  -0.1988135  -0.1474861  -5.4347889  -5.7135927 -19.0650839
 [7] -21.1864156 -22.8204922 -22.1299645 -18.6704443
[1] ""
[1] "Test for distr :"
            [,1]       [,2]       [,3]
 [1,]   0.000000   0.000000   0.000000
 [2,]  -1.601414  -1.695454  -1.322802
 [3,]  -2.615220  -2.485386  -1.996581
 [4,] -10.666231  -5.180276  -2.814925
 [5,] -21.076228 -17.131246  -4.499008
 [6,] -39.444851 -18.065311  -8.363050
 [7,]       -Inf -33.171974  -9.059943
 [8,]       -Inf       -Inf  -7.819717
 [9,]       -Inf -36.112646 -13.145450
[10,]       -Inf       -Inf -16.103881
[1] ""
[1] "Test for contour :"
       [,1]  [,2]  [,3]
 [1,] 0.002 0.000 0.000
 [2,] 0.352 0.624 0.150
 [3,] 0.964 0.662 0.904
 [4,] 1.000 0.876 0.998
 [5,] 1.000 1.000 1.000
 [6,] 1.000 1.000 1.000
 [7,] 1.000 1.000 1.000
 [8,] 1.000 1.000 1.000
 [9,] 0.976 1.000 1.000
[10,] 0.982 1.000 1.000
[1] ""
[1] "--------------------------------"
