[1] "--------------------------------"
[1] "Test for euler :"
 [1]   0.000000  -3.857989  -4.686918  -6.609683  -7.871666 -12.149152
 [7] -18.472249 -14.487870 -20.126316  -1.463365
[1] ""
[1] "Test for indiv_silh :"
            [,1]        [,2]        [,3]
 [1,]  0.0000000   0.0000000  0.00000000
 [2,] -0.8810465  -2.7500302 -0.06673726
 [3,] -2.9620708  -3.6582843 -0.16570630
 [4,] -3.5703458  -6.2135310 -2.21665101
 [5,] -1.7902305  -9.4724319 -0.99655952
 [6,] -5.1107256 -11.1729954 -0.92142573
 [7,] -4.9034669 -13.7478087 -0.67464812
 [8,] -1.0234086 -13.4543000 -0.84441938
 [9,] -0.1581235 -21.1372787 -1.95929449
[10,] -0.9266233  -0.6758346 -0.92066216
[1] ""
[1] "Test for all-silh :"
 [1]   0.000000  -1.411422  -2.919552  -5.565765  -7.756669 -11.170905
 [7] -17.532731 -13.709894 -25.407678  -0.592796
[1] ""
[1] "Test for distr :"
            [,1]       [,2]       [,3]
 [1,]   0.000000   0.000000   0.000000
 [2,]  -1.976295  -1.911368  -1.705639
 [3,]  -3.339981  -3.277853  -1.921919
 [4,]  -8.176177  -8.111671  -3.260242
 [5,] -12.995699 -13.445792  -5.270521
 [6,] -23.551759 -22.147931  -5.642335
 [7,]       -Inf -32.842263  -9.505576
 [8,]       -Inf -39.444851 -11.409041
 [9,]       -Inf       -Inf -17.361852
[10,]  -1.150578  -1.380469  -1.683651
[1] ""
[1] "Test for contour :"
       [,1]  [,2]  [,3]
 [1,] 0.000 0.000 0.002
 [2,] 0.688 0.250 0.472
 [3,] 0.984 0.718 0.996
 [4,] 1.000 0.996 1.000
 [5,] 1.000 1.000 1.000
 [6,] 1.000 1.000 1.000
 [7,] 1.000 1.000 1.000
 [8,] 1.000 1.000 1.000
 [9,] 0.936 1.000 1.000
[10,] 0.608 0.924 0.214
[1] ""
[1] "--------------------------------"
