[1] "--------------------------------"
[1] "Test for euler :"
 [1]   0.0000000  -0.5466175  -1.3555539  -1.3714253  -2.5718100  -0.9137456
 [7]  -5.4573111 -10.4428129  -6.3551674  -9.0645650
[1] ""
[1] "Test for indiv_silh :"
            [,1]        [,2]       [,3]
 [1,]  0.0000000   0.0000000  0.0000000
 [2,] -0.4222250  -0.1676036 -0.3548102
 [3,] -0.6395816  -0.4476731 -0.3116761
 [4,] -0.3293375  -2.6600699 -0.0433867
 [5,] -6.8696872  -7.6871703 -0.6042669
 [6,] -3.3023826  -8.4631646 -2.2749906
 [7,] -0.9202410 -12.4256999 -1.9137905
 [8,] -2.1996914 -14.8258329 -5.4276490
 [9,] -1.8805449 -14.8730644 -0.7321250
[10,] -0.1509814  -9.1682979 -4.4589674
[1] ""
[1] "Test for all-silh :"
 [1]   0.00000000  -0.02440095  -0.12862783  -1.30843672 -11.08292735
 [6]  -8.59062343 -19.18363087 -18.77665844 -19.15944885 -10.64899914
[1] ""
[1] "Test for distr :"
            [,1]       [,2]       [,3]
 [1,]   0.000000   0.000000   0.000000
 [2,]  -1.528446  -2.036594  -2.126744
 [3,]  -4.840456  -4.638826  -2.127751
 [4,]  -5.641082  -8.414572  -3.088532
 [5,] -15.963967 -11.230281  -5.069542
 [6,] -32.459209 -26.502993  -5.082803
 [7,] -39.444851 -20.127755  -7.222323
 [8,]       -Inf -34.772022  -8.940784
 [9,]       -Inf -38.751704 -10.451251
[10,]       -Inf       -Inf  -6.371493
[1] ""
[1] "Test for contour :"
       [,1]  [,2]  [,3]
 [1,] 0.000 0.000 0.000
 [2,] 0.026 0.782 0.404
 [3,] 0.802 0.982 0.904
 [4,] 0.534 1.000 0.990
 [5,] 1.000 1.000 1.000
 [6,] 1.000 1.000 1.000
 [7,] 0.998 1.000 1.000
 [8,] 1.000 1.000 1.000
 [9,] 0.982 1.000 1.000
[10,] 0.978 1.000 1.000
[1] ""
[1] "--------------------------------"
