[1] "--------------------------------"
[1] "Test for euler :"
 [1]   0.00000000  -0.12243587  -0.02674265  -0.32430814  -2.14481002
 [6]  -3.80939552  -6.70425914  -8.58936784 -12.57039147  -0.85911352
[1] ""
[1] "Test for indiv_silh :"
           [,1]        [,2]       [,3]
 [1,]  0.000000   0.0000000  0.0000000
 [2,] -1.848797  -0.6782715 -0.5098143
 [3,] -1.866586  -1.1083447 -1.0470619
 [4,] -1.732563  -4.3831721 -0.1690503
 [5,] -4.953541  -8.7285265 -0.4405565
 [6,] -4.979136  -7.6640612 -0.6650563
 [7,] -3.161016 -13.8542130 -0.5711119
 [8,] -2.422993 -13.2591016 -0.4625501
 [9,] -1.889811 -14.0213894 -1.0772880
[10,] -1.021598  -1.8519294 -2.4173206
[1] ""
[1] "Test for all-silh :"
 [1]   0.000000  -1.089798  -1.762826  -4.017840  -7.704417  -8.673158
 [7] -14.144233 -15.675640 -15.607788  -1.357090
[1] ""
[1] "Test for distr :"
            [,1]       [,2]       [,3]
 [1,]   0.000000   0.000000   0.000000
 [2,]  -1.453436  -1.950297  -1.122503
 [3,]  -3.648610  -3.356718  -2.646514
 [4,]  -6.545593  -3.943288  -3.890372
 [5,] -18.522777 -10.376830  -4.728816
 [6,] -30.819700 -17.301472  -6.908934
 [7,] -38.751704 -27.161234  -9.174589
 [8,]       -Inf -36.225975 -12.763072
 [9,]       -Inf       -Inf -13.280223
[10,]  -1.083273  -1.543353  -1.898631
[1] ""
[1] "Test for contour :"
       [,1]  [,2]  [,3]
 [1,] 0.000 0.000 0.000
 [2,] 0.702 0.916 0.926
 [3,] 0.972 0.846 0.990
 [4,] 1.000 0.998 1.000
 [5,] 0.994 1.000 1.000
 [6,] 1.000 1.000 1.000
 [7,] 1.000 1.000 1.000
 [8,] 1.000 1.000 1.000
 [9,] 0.938 1.000 1.000
[10,] 0.986 0.958 0.432
[1] ""
[1] "--------------------------------"
