[1] "--------------------------------"
[1] "Test for euler :"
 [1]   0.000000  -1.473750  -4.633978  -4.540250  -7.806432 -11.969021
 [7] -11.674052 -18.060920 -14.811032  -2.805450
[1] ""
[1] "Test for indiv_silh :"
            [,1]       [,2]        [,3]
 [1,]  0.0000000   0.000000  0.00000000
 [2,] -1.1787582  -3.599341 -0.39132642
 [3,] -1.3268088  -9.834182 -0.51453304
 [4,] -0.6492682  -6.520854 -1.94961522
 [5,] -4.9089041 -10.659090 -0.59601741
 [6,] -0.8351608 -17.242367 -0.05428854
 [7,] -4.5079099 -15.746158 -2.07123251
 [8,] -3.9114717 -17.059302 -1.61207639
 [9,] -1.1104414 -13.450587 -1.19574016
[10,] -0.7827923  -1.349815 -0.30858523
[1] ""
[1] "Test for all-silh :"
 [1]   0.000000  -1.961644  -7.246553  -5.091955 -12.112121 -15.764315
 [7] -16.710950 -20.123350 -15.278578  -0.881304
[1] ""
[1] "Test for distr :"
             [,1]       [,2]       [,3]
 [1,]   0.0000000   0.000000   0.000000
 [2,]  -1.7180146  -1.668696  -1.494152
 [3,]  -3.0272737  -3.623318  -1.899209
 [4,]  -7.8809235  -6.170064  -4.221119
 [5,] -18.6937544 -14.639973  -6.461729
 [6,] -33.8996733 -21.043947  -6.700063
 [7,]        -Inf -32.728256  -7.947591
 [8,]        -Inf       -Inf -12.535953
 [9,]        -Inf       -Inf -16.401537
[10,]  -0.8858181  -1.940784  -1.206591
[1] ""
[1] "Test for contour :"
       [,1]  [,2]  [,3]
 [1,] 0.000 0.000 0.002
 [2,] 0.948 0.364 0.464
 [3,] 0.930 0.984 0.948
 [4,] 0.902 0.992 1.000
 [5,] 1.000 1.000 1.000
 [6,] 0.994 1.000 1.000
 [7,] 0.984 1.000 1.000
 [8,] 0.974 1.000 1.000
 [9,] 0.754 1.000 1.000
[10,] 0.710 0.150 0.092
[1] ""
[1] "--------------------------------"
