[1] "--------------------------------"
[1] "Test for euler :"
 [1]   0.0000000  -0.2557429  -0.4172407  -3.8065603  -4.5368671 -10.5056924
 [7] -13.1307226  -9.2807992 -18.3239462 -14.3600005
[1] ""
[1] "Test for indiv_silh :"
             [,1]         [,2]        [,3]
 [1,]  0.00000000   0.00000000  0.00000000
 [2,] -0.03561073  -0.03835231 -0.28399693
 [3,] -1.37499688  -3.13179075 -0.89370077
 [4,] -6.78934353  -7.47355911 -0.70892365
 [5,] -1.74396177  -5.67524980 -0.46634652
 [6,] -4.84217144  -9.55197741 -0.01315903
 [7,] -3.76060292 -15.23737860 -0.20872266
 [8,] -1.06307686 -10.46722638 -0.22842122
 [9,] -1.15310385 -16.66199712 -0.81257459
[10,] -1.37814598 -17.24530816 -0.33042684
[1] ""
[1] "Test for all-silh :"
 [1]   0.00000000  -0.01137164  -4.01795722 -13.39815314  -5.72451570
 [6]  -9.76248455 -16.70886717 -11.95792225 -19.42957912 -20.60402046
[1] ""
[1] "Test for distr :"
            [,1]       [,2]       [,3]
 [1,]   0.000000   0.000000   0.000000
 [2,]  -2.284439  -1.284389  -1.811699
 [3,]  -2.649333  -3.520702  -2.082147
 [4,]  -4.262505  -4.955386  -2.122077
 [5,] -19.937484 -11.516628  -3.273983
 [6,] -28.291447 -31.621205  -5.907398
 [7,]       -Inf -39.444851 -12.332959
 [8,]       -Inf       -Inf -11.446595
 [9,]       -Inf       -Inf -14.349500
[10,]       -Inf       -Inf -20.243840
[1] ""
[1] "Test for contour :"
      [,1]  [,2]  [,3]
 [1,] 0.00 0.000 0.000
 [2,] 0.84 0.790 0.748
 [3,] 0.84 0.858 0.902
 [4,] 1.00 0.980 1.000
 [5,] 1.00 1.000 1.000
 [6,] 1.00 1.000 1.000
 [7,] 1.00 1.000 1.000
 [8,] 1.00 1.000 1.000
 [9,] 1.00 1.000 1.000
[10,] 1.00 1.000 1.000
[1] ""
[1] "--------------------------------"
