[1] "--------------------------------"
[1] "Test for euler :"
 [1]   0.000000  -1.720296  -4.096203  -3.363823  -6.780942  -8.242067
 [7]  -9.042636 -14.983755 -20.728738 -13.564750
[1] ""
[1] "Test for indiv_silh :"
           [,1]        [,2]      [,3]
 [1,]  0.000000   0.0000000  0.000000
 [2,] -5.913916  -0.9505545 -1.082705
 [3,] -3.365628  -3.4491300 -1.510275
 [4,] -4.666598  -7.0139667 -1.785848
 [5,] -5.394838  -9.5346430 -1.791199
 [6,] -3.339908 -12.1538510 -3.027148
 [7,] -3.641093 -20.9159235 -2.964305
 [8,] -3.921948 -14.1677856 -2.272823
 [9,] -5.859619 -21.7674415 -5.367784
[10,] -3.258503 -12.5574606 -1.197601
[1] ""
[1] "Test for all-silh :"
 [1]   0.000000  -3.772590  -4.236227  -6.036447 -12.770277 -10.627608
 [7] -20.101107 -15.462946 -26.486113 -16.209070
[1] ""
[1] "Test for distr :"
            [,1]       [,2]       [,3]
 [1,]   0.000000   0.000000   0.000000
 [2,]  -1.560006  -1.989596  -1.085924
 [3,]  -2.301198  -3.817850  -2.263654
 [4,] -10.302959  -7.262439  -2.673855
 [5,] -14.908337 -18.353085  -5.856363
 [6,] -29.483189 -26.770113  -6.210986
 [7,]       -Inf -33.698648  -6.704659
 [8,]       -Inf       -Inf -11.657544
 [9,]       -Inf       -Inf -12.379317
[10,]       -Inf       -Inf -16.735830
[1] ""
[1] "Test for contour :"
       [,1]  [,2]  [,3]
 [1,] 0.000 0.000 0.000
 [2,] 0.852 0.118 0.926
 [3,] 0.996 0.984 0.966
 [4,] 1.000 0.990 1.000
 [5,] 1.000 0.994 1.000
 [6,] 1.000 1.000 1.000
 [7,] 1.000 1.000 1.000
 [8,] 1.000 1.000 1.000
 [9,] 1.000 1.000 1.000
[10,] 1.000 1.000 1.000
[1] ""
[1] "--------------------------------"
