[1] "--------------------------------"
[1] "Test for euler :"
 [1]   0.00000000  -0.93771258  -2.48924327  -4.47455461 -10.57391199
 [6]  -5.31933108 -12.77863117 -13.57242170 -14.51548047  -0.01684365
[1] ""
[1] "Test for indiv_silh :"
            [,1]         [,2]      [,3]
 [1,]  0.0000000   0.00000000  0.000000
 [2,] -1.4846814  -0.02573699 -2.129794
 [3,] -2.9787431  -2.76601344 -1.168759
 [4,] -1.1788054  -7.41527650 -1.255372
 [5,] -2.4973837  -6.05106583 -2.084303
 [6,] -2.8982885 -21.00019986 -2.577585
 [7,] -1.3624926 -11.60496051 -1.935422
 [8,] -1.3217794 -13.30039192 -1.294186
 [9,] -3.2177541 -15.71361095 -3.800716
[10,] -0.7841272  -0.13369805 -1.813783
[1] ""
[1] "Test for all-silh :"
 [1]   0.000000  -1.250533  -3.748567  -5.280240  -6.102353 -19.601193
 [7] -16.763610 -16.529228 -19.171609  -0.634006
[1] ""
[1] "Test for distr :"
             [,1]       [,2]       [,3]
 [1,]   0.0000000   0.000000   0.000000
 [2,]  -1.2737660  -1.916410  -1.701959
 [3,]  -3.7725261  -2.675012  -1.983611
 [4,] -10.8688234  -8.186446  -3.801893
 [5,] -18.4709118 -14.229363  -3.623593
 [6,] -25.1852392 -17.239606  -6.951025
 [7,]        -Inf -36.736801  -9.470414
 [8,]        -Inf       -Inf -11.013043
 [9,]        -Inf       -Inf -11.446423
[10,]  -0.9846811  -2.087908  -2.276733
[1] ""
[1] "Test for contour :"
       [,1]  [,2]  [,3]
 [1,] 0.000 0.000 0.000
 [2,] 0.018 0.064 0.396
 [3,] 0.910 0.894 0.932
 [4,] 0.944 0.996 0.998
 [5,] 0.996 1.000 1.000
 [6,] 0.988 1.000 1.000
 [7,] 1.000 1.000 1.000
 [8,] 0.996 1.000 1.000
 [9,] 0.990 1.000 1.000
[10,] 0.164 0.040 0.070
[1] ""
[1] "--------------------------------"
