[1] "--------------------------------"
[1] "Test for euler :"
 [1]   0.0000000  -0.7378885  -1.7054715  -2.7958856  -7.2225159  -3.2301756
 [7]  -6.9476391 -12.2147067 -15.0556185  -1.3122435
[1] ""
[1] "Test for indiv_silh :"
            [,1]        [,2]       [,3]
 [1,]  0.0000000   0.0000000  0.0000000
 [2,] -0.1440324  -0.3030824 -0.9501659
 [3,] -1.8133928  -1.7934420 -2.5825799
 [4,] -1.8954318  -4.5031969 -3.0434793
 [5,] -0.2799528  -9.4472216 -2.6358609
 [6,] -1.1767611  -7.6462644 -3.3760343
 [7,] -0.5935119 -20.3524972 -2.1307290
 [8,] -0.4795007 -13.4318890 -1.6396234
 [9,] -0.3929334 -22.1803628 -2.6797546
[10,] -1.6873308  -0.8862014 -0.6081022
[1] ""
[1] "Test for all-silh :"
 [1]   0.0000000  -0.4417136  -2.2206800  -4.5401937  -7.3731316  -5.7322314
 [7] -18.9654065 -13.9249317 -25.1242017  -1.0359040
[1] ""
[1] "Test for distr :"
            [,1]       [,2]       [,3]
 [1,]   0.000000   0.000000   0.000000
 [2,]  -1.823522  -1.959375  -1.458837
 [3,]  -4.166003  -3.723876  -2.178810
 [4,] -12.169661  -4.583718  -3.298461
 [5,] -18.900861  -7.814322  -4.522269
 [6,] -28.649611 -21.418121  -8.818629
 [7,]       -Inf -30.648663  -8.450776
 [8,]       -Inf       -Inf  -9.632596
 [9,]       -Inf       -Inf -10.290144
[10,]  -1.231735  -1.755810  -1.086405
[1] ""
[1] "Test for contour :"
       [,1]  [,2]  [,3]
 [1,] 0.000 0.000 0.000
 [2,] 0.984 0.224 0.782
 [3,] 0.942 1.000 0.928
 [4,] 0.998 0.888 0.992
 [5,] 0.998 1.000 1.000
 [6,] 1.000 1.000 1.000
 [7,] 1.000 1.000 1.000
 [8,] 1.000 1.000 1.000
 [9,] 0.980 1.000 1.000
[10,] 0.650 0.738 0.552
[1] ""
[1] "--------------------------------"
