[1] "--------------------------------"
[1] "Test for euler :"
 [1]   0.0000000  -0.3059828  -0.9226426  -4.0088816  -6.0274459  -6.9698102
 [7]  -6.7398126 -15.9768417 -16.2395521 -15.1674821
[1] ""
[1] "Test for indiv_silh :"
             [,1]        [,2]      [,3]
 [1,]  0.00000000   0.0000000  0.000000
 [2,] -0.03008234  -1.1310972 -2.608625
 [3,] -0.64909148  -0.9030652 -4.606720
 [4,] -0.35076735  -5.3651263 -3.611166
 [5,] -2.83088326  -6.6622930 -2.391251
 [6,] -0.89934640 -13.4653803 -2.663982
 [7,] -0.60406938 -11.4239937 -3.510707
 [8,] -2.41194079 -16.1777301 -4.237634
 [9,] -1.90480453 -13.9707702 -2.263078
[10,] -2.85260017 -14.7400864 -2.234433
[1] ""
[1] "Test for all-silh :"
 [1]   0.000000  -1.272973  -3.038780  -5.853815  -9.683155 -14.599406
 [7] -10.982693 -17.595958 -14.807099 -17.561861
[1] ""
[1] "Test for distr :"
            [,1]       [,2]       [,3]
 [1,]   0.000000   0.000000   0.000000
 [2,]  -1.682254  -1.968437  -1.432967
 [3,]  -4.816282  -4.546684  -2.652368
 [4,]  -8.196847  -5.487391  -2.499873
 [5,] -17.142374  -6.878906  -6.469764
 [6,] -31.001304 -21.229858  -6.885522
 [7,]       -Inf -25.364098 -10.986411
 [8,]       -Inf       -Inf -13.073313
 [9,]       -Inf       -Inf -14.891069
[10,]       -Inf       -Inf -15.939508
[1] ""
[1] "Test for contour :"
       [,1]  [,2]  [,3]
 [1,] 0.000 0.000 0.000
 [2,] 0.298 0.884 0.768
 [3,] 0.904 0.952 1.000
 [4,] 0.996 0.978 1.000
 [5,] 1.000 1.000 1.000
 [6,] 1.000 1.000 1.000
 [7,] 1.000 1.000 1.000
 [8,] 1.000 1.000 1.000
 [9,] 1.000 1.000 1.000
[10,] 0.984 1.000 1.000
[1] ""
[1] "--------------------------------"
