[1] "--------------------------------"
[1] "Test for euler :"
 [1]   0.0000000  -0.3141185  -0.1711487  -0.9783155  -6.0773519  -8.9307848
 [7] -10.2635963 -16.8858294 -14.5037264  -0.2187332
[1] ""
[1] "Test for indiv_silh :"
            [,1]       [,2]       [,3]
 [1,]  0.0000000   0.000000  0.0000000
 [2,] -0.4045829  -4.046501 -0.3158247
 [3,] -1.1301755  -4.148356 -2.7015366
 [4,] -2.6701849  -6.479178 -0.2326703
 [5,] -2.4104964 -10.948842 -2.3141268
 [6,] -2.1213252 -10.857225 -1.5239408
 [7,] -2.3756361 -11.082465 -2.5292761
 [8,] -2.6464943 -14.624693 -1.5772093
 [9,] -2.3051562 -11.750536 -1.7710024
[10,] -0.6753394  -1.548339 -2.1804366
[1] ""
[1] "Test for all-silh :"
 [1]   0.000000  -2.328057  -4.423966  -6.535737 -12.528851  -9.008131
 [7] -11.683691 -17.608231 -14.946959  -1.130317
[1] ""
[1] "Test for distr :"
             [,1]       [,2]       [,3]
 [1,]   0.0000000   0.000000   0.000000
 [2,]  -2.3248618  -1.633989  -1.114658
 [3,]  -4.5326756  -3.400773  -2.145377
 [4,]  -8.2548629  -7.082859  -3.598740
 [5,] -25.9678694 -13.439477  -5.226839
 [6,] -38.7517036 -21.406483  -5.693350
 [7,]        -Inf -38.058556 -10.749341
 [8,]        -Inf       -Inf -11.365648
 [9,]        -Inf       -Inf -16.332830
[10,]  -0.9386318  -2.446385  -1.467994
[1] ""
[1] "Test for contour :"
       [,1]  [,2]  [,3]
 [1,] 0.000 0.000 0.000
 [2,] 0.532 0.536 0.096
 [3,] 0.984 0.974 0.952
 [4,] 0.934 1.000 1.000
 [5,] 1.000 1.000 1.000
 [6,] 1.000 1.000 1.000
 [7,] 1.000 1.000 1.000
 [8,] 0.998 1.000 1.000
 [9,] 0.922 1.000 1.000
[10,] 0.404 0.790 0.850
[1] ""
[1] "--------------------------------"
