[1] "--------------------------------"
[1] "Test for euler :"
 [1]   0.0000000  -0.7069059  -0.3154723  -3.0543515  -3.4002506  -7.8877951
 [7]  -9.3049778  -7.6577189 -15.1946177  -0.8212309
[1] ""
[1] "Test for indiv_silh :"
            [,1]        [,2]       [,3]
 [1,]  0.0000000   0.0000000  0.0000000
 [2,] -0.9102812  -0.4106417 -2.9072754
 [3,] -1.1820294  -4.0420648 -2.8741446
 [4,] -3.1140143  -7.5517726 -3.7097193
 [5,] -2.0518952  -5.3694848 -2.0704519
 [6,] -3.6140808 -14.0836151 -5.6181710
 [7,] -6.1097530 -12.9147373 -5.3692225
 [8,] -0.4327579 -16.1322278 -5.7619292
 [9,] -0.2733395 -15.3380482 -4.4518394
[10,] -0.4756960  -1.0387991 -0.9068768
[1] ""
[1] "Test for all-silh :"
 [1]   0.0000000  -1.5614913  -2.7515986  -6.4481797  -3.5278385 -13.7889971
 [7] -13.7233610 -17.1128877 -24.4975350  -0.3603893
[1] ""
[1] "Test for distr :"
            [,1]       [,2]       [,3]
 [1,]   0.000000   0.000000   0.000000
 [2,]  -1.459343  -1.809463  -1.479676
 [3,]  -3.264723  -2.399748  -1.604091
 [4,]  -8.039713  -5.257525  -3.341101
 [5,] -14.998197 -13.236774  -3.385589
 [6,] -35.002200 -21.383232  -5.283714
 [7,]       -Inf       -Inf -10.462642
 [8,]       -Inf       -Inf -12.772236
 [9,]       -Inf       -Inf -19.747933
[10,]  -1.554509  -1.582197  -1.566748
[1] ""
[1] "Test for contour :"
       [,1]  [,2]  [,3]
 [1,] 0.000 0.000 0.000
 [2,] 0.086 0.476 0.920
 [3,] 0.962 0.744 0.984
 [4,] 0.970 0.882 1.000
 [5,] 1.000 1.000 1.000
 [6,] 1.000 1.000 1.000
 [7,] 1.000 1.000 1.000
 [8,] 1.000 1.000 1.000
 [9,] 0.970 1.000 1.000
[10,] 0.632 0.864 0.486
[1] ""
[1] "--------------------------------"
