[1] "--------------------------------"
[1] "Test for euler :"
 [1]   0.00000000  -0.12243587  -0.02674265  -0.32430814  -2.14481002
 [6]  -3.80939552  -6.70425914  -8.58936784 -12.57039147 -10.57298426
[1] ""
[1] "Test for indiv_silh :"
            [,1]        [,2]       [,3]
 [1,]  0.0000000   0.0000000  0.0000000
 [2,] -1.8487970  -0.6782715 -0.5098143
 [3,] -1.8665859  -1.1083447 -1.0470619
 [4,] -1.7325633  -4.3831721 -0.1690503
 [5,] -4.9535406  -8.7285265 -0.4405565
 [6,] -4.9791360  -7.6640612 -0.6650563
 [7,] -3.1610162 -13.8542130 -0.5711119
 [8,] -2.4229925 -13.2591016 -0.4625501
 [9,] -1.8898109 -14.0213894 -1.0772880
[10,] -0.3968603 -15.2385276 -0.1168591
[1] ""
[1] "Test for all-silh :"
 [1]   0.000000  -1.089798  -1.762826  -4.017840  -7.704417  -8.673158
 [7] -14.144233 -15.675640 -15.607788 -17.415064
[1] ""
[1] "Test for distr :"
            [,1]       [,2]       [,3]
 [1,]   0.000000   0.000000   0.000000
 [2,]  -1.453436  -1.950297  -1.122503
 [3,]  -3.648610  -3.356718  -2.646514
 [4,]  -6.545593  -3.943288  -3.890372
 [5,] -18.522777 -10.376830  -4.728816
 [6,] -30.819700 -17.301472  -6.908934
 [7,] -38.751704 -27.161234  -9.174589
 [8,]       -Inf -36.225975 -12.763072
 [9,]       -Inf       -Inf -13.280223
[10,]       -Inf       -Inf -13.143350
[1] ""
[1] "Test for contour :"
       [,1]  [,2]  [,3]
 [1,] 0.000 0.000 0.000
 [2,] 0.682 0.930 0.928
 [3,] 0.968 0.840 0.994
 [4,] 0.996 0.996 1.000
 [5,] 0.998 1.000 1.000
 [6,] 1.000 1.000 1.000
 [7,] 1.000 1.000 1.000
 [8,] 1.000 1.000 1.000
 [9,] 0.934 1.000 1.000
[10,] 0.986 1.000 1.000
[1] ""
[1] "--------------------------------"
