[1] "--------------------------------"
[1] "Test for euler :"
 [1]   0.0000000  -0.9377126  -2.4892433  -4.4745546 -10.5739120  -5.3193311
 [7] -12.7786312 -13.5724217 -14.5154805 -14.4324099
[1] ""
[1] "Test for indiv_silh :"
            [,1]         [,2]      [,3]
 [1,]  0.0000000   0.00000000  0.000000
 [2,] -1.4846814  -0.02573699 -2.129794
 [3,] -2.9787431  -2.76601344 -1.168759
 [4,] -1.1788054  -7.41527650 -1.255372
 [5,] -2.4973837  -6.05106583 -2.084303
 [6,] -2.8982885 -21.00019986 -2.577585
 [7,] -1.3624926 -11.60496051 -1.935422
 [8,] -1.3217794 -13.30039192 -1.294186
 [9,] -3.2177541 -15.71361095 -3.800716
[10,] -0.7787505 -19.77107829 -4.941227
[1] ""
[1] "Test for all-silh :"
 [1]   0.000000  -1.250533  -3.748567  -5.280240  -6.102353 -19.601193
 [7] -16.763610 -16.529228 -19.171609 -26.030527
[1] ""
[1] "Test for distr :"
            [,1]       [,2]       [,3]
 [1,]   0.000000   0.000000   0.000000
 [2,]  -1.273766  -1.916410  -1.701959
 [3,]  -3.772526  -2.675012  -1.983611
 [4,] -10.868823  -8.186446  -3.801893
 [5,] -18.470912 -14.229363  -3.623593
 [6,] -25.185239 -17.239606  -6.951025
 [7,]       -Inf -36.736801  -9.470414
 [8,]       -Inf       -Inf -11.013043
 [9,]       -Inf       -Inf -11.446423
[10,]       -Inf       -Inf -10.711497
[1] ""
[1] "Test for contour :"
       [,1]  [,2]  [,3]
 [1,] 0.002 0.000 0.000
 [2,] 0.026 0.072 0.378
 [3,] 0.926 0.854 0.922
 [4,] 0.928 0.992 1.000
 [5,] 0.988 1.000 1.000
 [6,] 0.990 1.000 1.000
 [7,] 1.000 1.000 1.000
 [8,] 1.000 1.000 1.000
 [9,] 0.984 1.000 1.000
[10,] 0.970 1.000 1.000
[1] ""
[1] "--------------------------------"
