[1] "--------------------------------"
[1] "Test for euler :"
 [1]   0.0000000  -0.1338183  -1.0935975  -2.3465989  -8.2878694  -6.9787080
 [7]  -9.5472229 -11.3287257 -13.4680852 -11.2181117
[1] ""
[1] "Test for indiv_silh :"
            [,1]       [,2]       [,3]
 [1,]  0.0000000   0.000000  0.0000000
 [2,] -0.4259260  -1.950317 -1.1815119
 [3,] -0.7142764  -5.744192 -0.4215370
 [4,] -2.2380175  -4.092421 -0.4734235
 [5,] -4.1077580 -11.355250 -1.1747119
 [6,] -0.9984554 -15.901131 -0.6099182
 [7,] -1.6522332 -13.762281 -1.8191148
 [8,] -2.9216676 -17.478893 -3.7289777
 [9,] -0.7820222 -16.168589 -0.2011221
[10,] -2.4652673 -16.815981 -3.4805355
[1] ""
[1] "Test for all-silh :"
 [1]   0.000000  -1.345224  -3.351318  -3.530035 -12.122003 -14.687084
 [7] -13.932402 -21.454425 -19.469497 -19.373004
[1] ""
[1] "Test for distr :"
            [,1]       [,2]       [,3]
 [1,]   0.000000   0.000000   0.000000
 [2,]  -1.990170  -1.987047  -1.406641
 [3,]  -6.323729  -5.048940  -2.307656
 [4,] -11.219620  -6.095939  -3.734227
 [5,] -21.695657  -9.228777  -4.468309
 [6,] -35.419499 -21.900340  -6.982260
 [7,] -36.959944 -33.120492  -8.987553
 [8,]       -Inf       -Inf -10.811691
 [9,]       -Inf       -Inf -19.723138
[10,]       -Inf       -Inf -15.402821
[1] ""
[1] "Test for contour :"
       [,1]  [,2]  [,3]
 [1,] 0.000 0.000 0.000
 [2,] 0.866 0.870 0.426
 [3,] 0.996 0.982 0.980
 [4,] 0.994 1.000 0.998
 [5,] 0.998 1.000 1.000
 [6,] 1.000 1.000 1.000
 [7,] 1.000 1.000 1.000
 [8,] 1.000 1.000 1.000
 [9,] 0.854 1.000 1.000
[10,] 0.980 1.000 1.000
[1] ""
[1] "--------------------------------"
