[1] "--------------------------------"
[1] "Test for euler :"
 [1]   0.0000000  -0.7378885  -1.7054715  -2.7958856  -7.2225159  -3.2301756
 [7]  -6.9476391 -12.2147067 -15.0556185 -16.3391327
[1] ""
[1] "Test for indiv_silh :"
             [,1]        [,2]       [,3]
 [1,]  0.00000000   0.0000000  0.0000000
 [2,] -0.14403245  -0.3030824 -0.9501659
 [3,] -1.81339279  -1.7934420 -2.5825799
 [4,] -1.89543185  -4.5031969 -3.0434793
 [5,] -0.27995280  -9.4472216 -2.6358609
 [6,] -1.17676106  -7.6462644 -3.3760343
 [7,] -0.59351191 -20.3524972 -2.1307290
 [8,] -0.47950067 -13.4318890 -1.6396234
 [9,] -0.39293336 -22.1803628 -2.6797546
[10,] -0.09505752 -15.7756313 -2.0240228
[1] ""
[1] "Test for all-silh :"
 [1]   0.0000000  -0.4417136  -2.2206800  -4.5401937  -7.3731316  -5.7322314
 [7] -18.9654065 -13.9249317 -25.1242017 -18.2293486
[1] ""
[1] "Test for distr :"
            [,1]       [,2]       [,3]
 [1,]   0.000000   0.000000   0.000000
 [2,]  -1.823522  -1.959375  -1.458837
 [3,]  -4.166003  -3.723876  -2.178810
 [4,] -12.169661  -4.583718  -3.298461
 [5,] -18.900861  -7.814322  -4.522269
 [6,] -28.649611 -21.418121  -8.818629
 [7,]       -Inf -30.648663  -8.450776
 [8,]       -Inf       -Inf  -9.632596
 [9,]       -Inf       -Inf -10.290144
[10,]       -Inf       -Inf -14.331524
[1] ""
[1] "Test for contour :"
       [,1]  [,2]  [,3]
 [1,] 0.000 0.000 0.002
 [2,] 0.990 0.188 0.742
 [3,] 0.928 0.992 0.944
 [4,] 1.000 0.898 0.992
 [5,] 1.000 1.000 1.000
 [6,] 1.000 1.000 1.000
 [7,] 1.000 1.000 1.000
 [8,] 1.000 1.000 1.000
 [9,] 0.980 1.000 1.000
[10,] 0.914 1.000 1.000
[1] ""
[1] "--------------------------------"
