[1] "--------------------------------"
[1] "Test for euler :"
 [1] -1.959197e+00 -1.375790e-02 -8.468183e-04 -3.402927e+00 -6.513878e+00
 [6] -6.107067e+00 -1.320131e+01 -1.497281e+01 -1.758045e+01  0.000000e+00
[1] ""
[1] "Test for indiv_silh :"
              [,1]        [,2]       [,3]
 [1,]  -2.61907815 -1.93364770 -0.4935193
 [2,]  -0.04118444 -0.06048933 -0.5691120
 [3,]  -0.49930239 -0.71426474 -2.3961999
 [4,]  -1.12548220 -0.28200605 -1.1333025
 [5,]  -4.33055982 -0.24103714 -0.4795247
 [6,]  -2.22632829 -1.94639100 -0.5508936
 [7,] -10.63632844 -0.83286475 -3.0722328
 [8,]  -8.08812141 -2.78185477 -0.1517578
 [9,] -10.75851678 -3.22815522 -1.9169036
[10,]   0.00000000  0.00000000  0.0000000
[1] ""
[1] "Test for all-silh :"
 [1]  -1.49970616  -0.09089035  -1.05063912  -3.33908010  -7.82108388
 [6] -11.69971303 -12.73646983 -17.10229817 -16.29360988   0.00000000
[1] ""
[1] "Test for distr :"
           [,1]       [,2]       [,3]
 [1,] -2.555072  -9.476783 -11.023497
 [2,] -4.409952  -5.604943  -3.822116
 [3,] -5.120727  -2.695797  -4.597498
 [4,] -2.730219  -5.155064  -2.308898
 [5,] -3.908053  -3.155425  -3.536400
 [6,] -3.357258  -8.293152  -6.392025
 [7,] -3.017265  -5.369736  -5.137629
 [8,] -4.453729  -8.012799  -8.945801
 [9,] -3.697789 -11.350780 -10.518241
[10,]  0.000000   0.000000   0.000000
[1] ""
[1] "Test for contour :"
              [,1]      [,2]       [,3]
 [1,] -0.665532014 -1.452434 -0.6733446
 [2,] -1.505077897 -2.364460 -1.4696760
 [3,] -0.665532014 -3.816713 -2.3644605
 [4,] -3.912023005 -5.521461 -0.2510288
 [5,] -0.665532014 -5.521461 -6.2146081
 [6,] -0.709276562      -Inf       -Inf
 [7,]         -Inf      -Inf       -Inf
 [8,]         -Inf      -Inf       -Inf
 [9,] -3.079113882      -Inf       -Inf
[10,] -0.002002003  0.000000  0.0000000
[1] ""
[1] "Test for global-kde :"
            [,1]      [,2]       [,3]
 [1,] -2.2466521 -2.419520 -2.6306301
 [2,] -1.5193372 -1.912698 -1.5626709
 [3,] -1.7790407 -1.856157 -1.8924657
 [4,] -1.4355870 -1.811303 -1.4449951
 [5,] -1.7464782 -2.016696 -2.0819600
 [6,] -1.6910773 -2.030450 -2.3344493
 [7,] -1.7209339 -2.153874 -2.2711260
 [8,] -1.9641974 -2.191203 -2.3058064
 [9,] -2.5303395 -2.694447 -3.0553355
[10,] -0.2177195 -0.221904 -0.2442243
[1] ""
[1] "--------------------------------"
