[1] "--------------------------------"
[1] "Test for euler :"
 [1] -14.957126 -11.802643 -12.451276 -11.839261 -10.338077  -6.791732
 [7]  -5.568753  -1.045867  -1.159806   0.000000
[1] ""
[1] "Test for indiv_silh :"
            [,1]       [,2]          [,3]
 [1,] -9.2860636 -3.7285606 -0.6630797620
 [2,] -8.4830106 -3.0041089 -0.2960879979
 [3,] -6.4566285 -4.0278334 -1.2255068329
 [4,] -5.5552584 -3.5485322 -0.1182749033
 [5,] -4.2157582 -3.5007854 -0.5092274800
 [6,] -2.4755997 -4.2872057 -0.0906083179
 [7,] -1.9818328 -0.7596622 -0.2521869323
 [8,] -0.7780963 -1.4859041 -0.0004535175
 [9,] -1.0096584 -0.3173685 -0.1828045675
[10,]  0.0000000  0.0000000  0.0000000000
[1] ""
[1] "Test for all-silh :"
 [1] -20.9261698 -18.5024375 -18.6645540 -13.9061295 -14.1166699 -11.4696715
 [7]  -3.2857466  -2.3999922  -0.2208608   0.0000000
[1] ""
[1] "Test for distr :"
           [,1]      [,2]       [,3]
 [1,] -4.076068 -9.152585 -11.304966
 [2,] -4.697428 -9.729039  -9.609745
 [3,] -3.901034 -9.329664  -6.905174
 [4,] -3.224442 -2.969843  -4.153825
 [5,] -3.135889 -2.674786  -4.210160
 [6,] -5.171815 -2.487057  -2.492503
 [7,] -4.067027 -3.060753  -3.328572
 [8,] -2.011572 -3.120909  -2.314583
 [9,] -3.545371 -5.234088  -3.438690
[10,]  0.000000  0.000000   0.000000
[1] ""
[1] "Test for contour :"
            [,1]       [,2]       [,3]
 [1,] -1.3625778 -2.8824036       -Inf
 [2,] -2.4079456 -4.0173835       -Inf
 [3,] -2.1037342 -2.0099155       -Inf
 [4,] -0.2903523 -2.3025851       -Inf
 [5,] -1.7957675 -1.7719568       -Inf
 [6,] -1.9661129 -1.6713133 -4.2686979
 [7,] -1.4271164 -2.1715568 -5.5214609
 [8,] -0.7423374 -1.7372713 -1.3943265
 [9,] -1.4271164 -0.3092463 -0.9942523
[10,]  0.0000000  0.0000000  0.0000000
[1] ""
[1] "Test for global-kde :"
            [,1]      [,2]       [,3]
 [1,] -2.4034870 -3.316896 -3.5256058
 [2,] -2.9703512 -3.843474 -4.2598964
 [3,] -2.1918059 -2.642994 -2.6817517
 [4,] -1.7409505 -1.909138 -2.2275089
 [5,] -1.8982668 -1.856826 -2.0117230
 [6,] -2.1354190 -2.085843 -2.1806292
 [7,] -1.6481164 -1.743291 -1.5804419
 [8,] -1.5349687 -1.576050 -1.2353685
 [9,] -1.7284535 -1.709659 -1.6649463
[10,] -0.2375328 -0.260365 -0.2167857
[1] ""
[1] "--------------------------------"
