[1] "--------------------------------"
[1] "Test for euler :"
 [1] -15.3790779 -20.5762038 -11.7388772  -7.2752290  -6.2157079  -4.5959798
 [7]  -2.5381998  -0.2694072  -0.7293415   0.0000000
[1] ""
[1] "Test for indiv_silh :"
              [,1]       [,2]        [,3]
 [1,]  -6.31945951 -6.7583872 -0.36352383
 [2,] -14.95448814 -4.6337831 -2.65731770
 [3,]  -4.48932891 -5.7879526 -2.19232060
 [4,]  -1.70419945 -7.4246152 -1.27500483
 [5,]  -2.21915124 -4.2257083 -1.45856168
 [6,]  -0.01468732 -7.0601926 -1.34738928
 [7,]  -0.43929112 -4.3682322 -0.12147404
 [8,]  -0.33664736 -0.8833686 -0.15772121
 [9,]  -0.18272808 -0.3313150 -0.02269933
[10,]   0.00000000  0.0000000  0.00000000
[1] ""
[1] "Test for all-silh :"
 [1] -17.8916209 -24.5710292 -16.5540920 -14.7666022  -9.5542032 -10.4469186
 [7]  -6.0504766  -0.1914091  -0.1229874   0.0000000
[1] ""
[1] "Test for distr :"
           [,1]       [,2]       [,3]
 [1,] -7.872279 -13.257065 -13.575942
 [2,] -4.737489  -7.586177 -15.238467
 [3,] -7.837897  -6.821014  -5.707020
 [4,] -3.377994  -4.934496  -4.785975
 [5,] -7.490143  -3.451945  -3.849870
 [6,] -1.971369  -1.786398  -3.936004
 [7,] -3.479286  -4.204158  -3.625586
 [8,] -2.760348  -4.352605  -3.458848
 [9,] -2.320983  -1.751113  -2.506531
[10,]  0.000000   0.000000   0.000000
[1] ""
[1] "Test for contour :"
            [,1]       [,2]      [,3]
 [1,] -0.6694307 -2.0874737      -Inf
 [2,]       -Inf -0.4748152      -Inf
 [3,] -3.7297014 -1.0613165      -Inf
 [4,] -1.4961092 -1.9805016      -Inf
 [5,] -1.4961092 -0.3453112      -Inf
 [6,] -1.0906441 -0.1485000 -3.170086
 [7,] -0.9571127 -1.4024237 -1.783791
 [8,] -1.2946272 -1.0441241 -1.347074
 [9,] -0.7298112 -0.1791267 -1.309333
[10,]  0.0000000  0.0000000  0.000000
[1] ""
[1] "Test for global-kde :"
            [,1]      [,2]       [,3]
 [1,] -2.7387747 -2.996293 -3.4827841
 [2,] -3.0338186 -3.101380 -3.4760793
 [3,] -1.7254416 -1.952769 -2.2830163
 [4,] -1.3986926 -1.655999 -1.6339435
 [5,] -1.7842825 -2.015483 -1.7214758
 [6,] -1.1892044 -1.249932 -1.3665800
 [7,] -1.8276595 -1.872970 -1.9821625
 [8,] -1.9926377 -2.086487 -1.7867650
 [9,] -1.4790450 -1.183894 -1.2104541
[10,] -0.2314822 -0.256776 -0.2152339
[1] ""
[1] "--------------------------------"
