[1] "--------------------------------"
[1] "Test for euler :"
 [1] -20.477835 -19.264622 -17.821568  -8.452878  -6.795453  -9.430225
 [7]  -2.916485  -2.832504  -1.192804   0.000000
[1] ""
[1] "Test for indiv_silh :"
             [,1]       [,2]         [,3]
 [1,] -11.4640919 -5.3514651 -0.653082855
 [2,] -10.6382210 -6.6946474 -1.889048048
 [3,]  -9.2536601 -5.5279308 -1.225907628
 [4,]  -4.0862740 -7.5863483 -0.010469290
 [5,]  -2.7424286 -7.1812813 -0.122718465
 [6,]  -4.9818841 -3.5106987 -1.034617532
 [7,]  -0.9436977 -5.6313611 -0.673597317
 [8,]  -1.5863524 -1.7034234 -0.470054874
 [9,]  -0.6597667 -0.1415578 -0.001686303
[10,]   0.0000000  0.0000000  0.000000000
[1] ""
[1] "Test for all-silh :"
 [1] -25.6836750 -22.5133739 -18.9976233 -16.0370456 -12.8708918 -14.5197868
 [7] -13.8990066  -4.6875645  -0.3188154   0.0000000
[1] ""
[1] "Test for distr :"
            [,1]       [,2]       [,3]
 [1,] -25.621018 -15.900358  -9.687476
 [2,] -22.767955 -30.099717 -10.862594
 [3,]  -3.857915  -5.519517  -8.121500
 [4,]  -4.520291  -8.829159  -6.445023
 [5,]  -4.551990  -3.083215  -4.246736
 [6,]  -2.628572  -3.171614  -3.969956
 [7,]  -3.343137  -4.375352  -2.631991
 [8,]  -3.188195  -3.049511  -2.478640
 [9,]  -3.011375  -2.324294  -2.232940
[10,]   0.000000   0.000000   0.000000
[1] ""
[1] "Test for contour :"
            [,1]       [,2]       [,3]
 [1,]       -Inf       -Inf       -Inf
 [2,]       -Inf -1.1457039       -Inf
 [3,]       -Inf       -Inf       -Inf
 [4,] -2.2443162       -Inf       -Inf
 [5,] -1.7259717 -1.6296406 -4.1351666
 [6,] -0.6971552 -1.2517635 -3.6496587
 [7,] -2.3859667 -2.5510465 -0.6311118
 [8,] -0.8347107 -0.3915622 -0.8867319
 [9,]       -Inf -0.3119748 -0.3509769
[10,]  0.0000000  0.0000000  0.0000000
[1] ""
[1] "Test for global-kde :"
            [,1]       [,2]       [,3]
 [1,] -4.1276463 -4.2775184 -3.5592463
 [2,] -3.7457781 -5.6948764 -3.7642117
 [3,] -2.1555922 -2.5148491 -3.2697921
 [4,] -2.3509076 -2.1195212 -2.7033303
 [5,] -2.2899479 -2.3776997 -2.5207777
 [6,] -2.0709842 -2.2851307 -2.1319039
 [7,] -1.5820019 -1.6376813 -1.6465704
 [8,] -1.9992592 -2.0984694 -2.0471782
 [9,] -1.3038369 -1.2657920 -1.2769469
[10,] -0.2255998 -0.2564817 -0.2024965
[1] ""
[1] "--------------------------------"
