[1] "--------------------------------"
[1] "Test for euler :"
 [1] -14.0145486 -16.6393000 -17.4262035 -15.5824008  -8.3401561 -10.4124657
 [7]  -4.5372659  -3.6682519  -0.9776927   0.0000000
[1] ""
[1] "Test for indiv_silh :"
             [,1]       [,2]       [,3]
 [1,]  -9.0033809 -1.7659392 -0.5391148
 [2,] -10.0855249 -2.3522912 -1.5461753
 [3,] -10.3185216 -2.1998800 -1.5715525
 [4,]  -9.2312332 -2.1987684 -1.4897242
 [5,]  -4.6974061 -3.2005751 -0.1723889
 [6,]  -5.8348927 -0.8524360 -1.6006277
 [7,]  -2.2779052 -0.6796863 -0.3096273
 [8,]  -1.4523242 -0.2172056 -1.2326063
 [9,]  -0.4920043 -0.8404425 -0.5953496
[10,]   0.0000000  0.0000000  0.0000000
[1] ""
[1] "Test for all-silh :"
 [1] -18.7941282 -20.7103225 -20.8324184 -17.4226504 -14.7848049 -14.3771336
 [7]  -5.4960245  -2.8601541  -0.4746063   0.0000000
[1] ""
[1] "Test for distr :"
            [,1]       [,2]       [,3]
 [1,] -19.086450 -22.579880 -14.358104
 [2,]  -8.359563  -8.870758  -7.621057
 [3,] -27.508123 -38.058556  -8.750797
 [4,]  -3.589423  -4.823695  -5.812153
 [5,] -11.302684  -4.562496  -8.202048
 [6,]  -2.619506  -3.335774  -5.233704
 [7,]  -2.712849  -2.834995  -3.502066
 [8,]  -4.246836  -7.515248  -4.116318
 [9,]  -2.769303  -3.892855  -2.846047
[10,]   0.000000   0.000000   0.000000
[1] ""
[1] "Test for contour :"
            [,1]       [,2]       [,3]
 [1,] -5.5214609 -4.4228486       -Inf
 [2,] -3.4420194 -1.9661129       -Inf
 [3,] -4.0173835 -2.6592600       -Inf
 [4,] -0.7423374 -1.6607312       -Inf
 [5,] -1.2241755 -0.2033409 -4.6051702
 [6,] -5.1159958 -2.0249534 -2.3227878
 [7,] -3.0365543 -1.6607312 -1.8578993
 [8,] -3.1235656 -0.1075852 -0.6124893
 [9,] -0.3424903 -0.6124893 -0.4462871
[10,]  0.0000000  0.0000000  0.0000000
[1] ""
[1] "Test for global-kde :"
            [,1]       [,2]       [,3]
 [1,] -4.1644952 -4.6647854 -4.1976448
 [2,] -2.6464669 -3.0251067 -3.3118112
 [3,] -5.2834547 -5.9080987 -3.8434800
 [4,] -2.2755614 -2.4273611 -2.8786474
 [5,] -2.7100250 -2.3072481 -2.4630032
 [6,] -2.3089568 -2.2522093 -2.3025361
 [7,] -2.0097309 -2.2515813 -2.2553417
 [8,] -2.0764103 -2.1698081 -2.2618398
 [9,] -2.1235330 -2.0924663 -1.9277421
[10,] -0.2207294 -0.2593785 -0.2065999
[1] ""
[1] "--------------------------------"
