[1] "--------------------------------"
[1] "Test for euler :"
 [1]  -0.4922648  -2.0798278  -1.1099070  -3.7078245  -4.9057283  -7.6941045
 [7] -11.0588020 -13.5895688 -15.9009098   0.0000000
[1] ""
[1] "Test for indiv_silh :"
            [,1]        [,2]        [,3]
 [1,] -1.7236508 -2.04256712 -1.42478592
 [2,] -1.6210329 -0.15296841 -0.46901435
 [3,] -0.2201105 -0.71188443 -0.10822900
 [4,] -3.3742044 -0.08082791 -0.04111434
 [5,] -2.9976686 -0.68498674 -0.60357274
 [6,] -4.4055468 -0.43053891 -1.48793415
 [7,] -7.0633776 -0.65211198 -2.29618951
 [8,] -8.2505526 -3.39569273 -1.56109638
 [9,] -8.4021982 -2.03467527 -1.76848351
[10,]  0.0000000  0.00000000  0.00000000
[1] ""
[1] "Test for all-silh :"
 [1]  -0.9288548  -2.5480285  -1.3804675  -4.9130658  -9.0879892 -10.0584278
 [7] -15.9579115 -20.3044947 -13.1431054   0.0000000
[1] ""
[1] "Test for distr :"
           [,1]       [,2]       [,3]
 [1,] -2.734355  -3.314597  -2.062764
 [2,] -2.883007 -14.599596 -10.367109
 [3,] -3.596901  -5.280757  -3.445857
 [4,] -2.860724  -9.261681  -5.063453
 [5,] -4.659537  -3.714520  -6.602661
 [6,] -7.700023 -17.961575 -11.520505
 [7,] -5.361588  -7.690585  -7.962610
 [8,] -3.896354  -5.406739  -6.329590
 [9,] -7.992771  -6.761146  -9.603710
[10,]  0.000000   0.000000   0.000000
[1] ""
[1] "Test for contour :"
             [,1]       [,2]       [,3]
 [1,] -0.02634398 -0.6273594 -0.1839228
 [2,] -0.16251893 -0.6051363 -0.3424903
 [3,] -0.07257069 -0.6772738 -0.5656339
 [4,] -0.50749783 -0.5108256 -4.0173835
 [5,] -0.04499737 -3.8167128       -Inf
 [6,] -0.62362112 -1.4784097       -Inf
 [7,] -4.82831374       -Inf       -Inf
 [8,] -0.80296205 -3.0791139       -Inf
 [9,] -0.76356964       -Inf       -Inf
[10,]  0.00000000  0.0000000  0.0000000
[1] ""
[1] "Test for global-kde :"
            [,1]       [,2]       [,3]
 [1,] -1.2182705 -1.4287654 -1.7216620
 [2,] -2.3131597 -2.7897288 -2.7773802
 [3,] -1.8108562 -1.9883434 -2.1980029
 [4,] -1.6964135 -2.1653709 -1.9434754
 [5,] -1.9833035 -2.4506151 -2.2225066
 [6,] -2.5834596 -3.1661580 -3.5378620
 [7,] -2.3574232 -2.9680842 -3.1407942
 [8,] -2.0955338 -2.4297846 -2.6497351
 [9,] -2.5734576 -2.6150115 -3.0069018
[10,] -0.2356177 -0.2179457 -0.2471052
[1] ""
[1] "--------------------------------"
