[1] "--------------------------------"
[1] "Test for euler :"
 [1]  -1.0890266  -0.0467954  -2.9605476  -3.8862824  -3.8033712  -8.8710966
 [7] -10.1652055 -15.0515640 -18.7251383   0.0000000
[1] ""
[1] "Test for indiv_silh :"
              [,1]        [,2]       [,3]
 [1,]  -1.08360162 -0.20501421 -0.7422275
 [2,]  -0.06366105 -0.37903105 -2.0542172
 [3,]  -2.05428013 -0.64491526 -0.3962054
 [4,]  -3.66501973 -0.75875642 -0.9917922
 [5,]  -2.30785672 -0.03813239 -0.2450271
 [6,]  -6.43148982 -0.50733255 -0.2623134
 [7,]  -7.20882003 -1.28980110 -1.8505715
 [8,]  -8.19303734 -3.50542023 -2.4916767
 [9,] -11.31716181 -5.69601849 -0.2823895
[10,]   0.00000000  0.00000000  0.0000000
[1] ""
[1] "Test for all-silh :"
 [1]  -1.103757  -1.648472  -1.725049  -3.359229  -7.014234  -8.069011
 [7] -18.320874 -15.963957 -19.925127   0.000000
[1] ""
[1] "Test for distr :"
           [,1]       [,2]      [,3]
 [1,] -8.382133 -11.883902 -2.900695
 [2,] -4.217688  -4.685644 -3.320710
 [3,] -3.704482  -3.388907 -2.656684
 [4,] -5.167011  -5.263708 -3.409773
 [5,] -5.610077  -9.965499 -5.627007
 [6,] -5.530878  -8.741435 -7.345281
 [7,] -3.191469  -9.325544 -7.068567
 [8,] -3.535682  -5.510664 -6.905752
 [9,] -9.130073 -17.937855 -8.745279
[10,]  0.000000   0.000000  0.000000
[1] ""
[1] "Test for contour :"
            [,1]         [,2]       [,3]
 [1,] -0.7635696 -1.265848208 -0.4812668
 [2,] -1.7602608 -0.665532014 -1.5232602
 [3,] -0.6851790 -0.465215113 -0.9314044
 [4,] -2.8134107 -1.272965676 -3.3813948
 [5,] -3.9120230 -3.575550769       -Inf
 [6,] -2.1370707 -3.270169119       -Inf
 [7,]       -Inf         -Inf       -Inf
 [8,] -1.4105871 -1.725971729       -Inf
 [9,]       -Inf -2.748872196       -Inf
[10,]  0.0000000 -0.002002003  0.0000000
[1] ""
[1] "Test for global-kde :"
            [,1]      [,2]       [,3]
 [1,] -1.9151752 -2.102766 -1.7672090
 [2,] -2.2081955 -1.901949 -1.7255601
 [3,] -1.9421881 -2.132305 -2.0269380
 [4,] -1.9648707 -2.099741 -1.8444040
 [5,] -2.2474911 -2.468724 -2.5349788
 [6,] -2.1602332 -2.420692 -2.3279129
 [7,] -2.1846124 -3.061308 -3.2281582
 [8,] -2.2486224 -2.603774 -2.6505431
 [9,] -2.5884088 -3.522353 -3.8377411
[10,] -0.2144059 -0.221890 -0.2345534
[1] ""
[1] "--------------------------------"
