[1] "--------------------------------"
[1] "Test for euler :"
 [1]  -3.542916  -1.361540  -5.858375  -8.157527 -14.503794 -16.832961
 [7] -15.398475 -24.735394 -22.618354   0.000000
[1] ""
[1] "Test for indiv_silh :"
             [,1]        [,2]        [,3]
 [1,]  -2.9073759 -1.60726223 -1.09062994
 [2,]  -0.5201221 -0.11602699 -0.43171824
 [3,]  -4.7577861 -0.86170664 -0.04319219
 [4,]  -7.2004610 -2.33231214 -0.34730202
 [5,]  -5.6720514 -0.04673448 -0.05550425
 [6,] -12.2247481 -2.01373615 -0.10332182
 [7,] -10.7871462 -0.05444386 -1.72915529
 [8,] -11.7554575 -1.59652840 -1.77917552
 [9,] -12.3610203 -5.14546275 -2.12555449
[10,]   0.0000000  0.00000000  0.00000000
[1] ""
[1] "Test for all-silh :"
 [1]  -1.8372701  -0.6581477  -6.5271356 -10.9816188  -8.9877536 -15.4607352
 [7] -19.0432387 -19.2250478 -27.3996514   0.0000000
[1] ""
[1] "Test for distr :"
            [,1]       [,2]       [,3]
 [1,]  -2.844104  -5.066128  -5.405748
 [2,]  -2.278769  -4.933483  -4.637637
 [3,]  -3.012797  -4.948636  -6.505938
 [4,]  -3.270565  -5.855543  -5.354555
 [5,]  -2.815387  -3.287264  -4.831993
 [6,]  -7.006261 -13.016008  -5.816597
 [7,] -10.901266 -13.336038  -5.785350
 [8,] -16.986831  -6.759630 -10.809705
 [9,]  -3.872637 -27.667809  -7.290512
[10,]   0.000000   0.000000   0.000000
[1] ""
[1] "Test for contour :"
            [,1]         [,2]       [,3]
 [1,] -0.4652151 -0.733969175 -1.4024237
 [2,] -0.3229639 -0.213193220 -0.9364934
 [3,] -0.6088060 -0.449416996 -2.3025851
 [4,] -1.3019532 -3.170085661 -3.9120230
 [5,] -1.3470736 -0.500875293       -Inf
 [6,] -1.4105871 -1.496109227       -Inf
 [7,]       -Inf -4.268697949       -Inf
 [8,] -4.8283137 -1.478409650       -Inf
 [9,] -0.7011794 -3.270169119       -Inf
[10,]  0.0000000 -0.002002003  0.0000000
[1] ""
[1] "Test for global-kde :"
            [,1]       [,2]       [,3]
 [1,] -1.8028309 -2.1041587 -1.8020314
 [2,] -1.2247080 -1.5916742 -1.5230418
 [3,] -1.9243370 -2.5652343 -2.1743812
 [4,] -2.1995128 -2.6143950 -2.4110669
 [5,] -1.9031984 -2.1582514 -2.3757708
 [6,] -3.2541607 -3.8588374 -4.0101128
 [7,] -2.2890257 -3.1939475 -2.8815718
 [8,] -3.1733753 -3.6207804 -3.7526587
 [9,] -3.4231807 -5.7949633 -4.5888516
[10,] -0.2213501 -0.2235614 -0.2439875
[1] ""
[1] "--------------------------------"
