[1] "--------------------------------"
[1] "Test for euler :"
 [1]  -0.4376346  -0.1911480  -0.4348423  -1.8120086  -4.9055359  -4.8015166
 [7] -10.1319304 -14.7450315 -12.3885686   0.0000000
[1] ""
[1] "Test for indiv_silh :"
              [,1]       [,2]        [,3]
 [1,]  -0.74379619 -0.7165746 -0.38731153
 [2,]  -0.06830879 -0.1888708 -0.03298839
 [3,]  -1.80887604 -1.1106353 -0.61264422
 [4,]  -1.06615798 -0.1227238 -0.71969978
 [5,]  -5.11454812 -0.9926574 -0.56328996
 [6,]  -6.14022494 -0.3526014 -0.20482597
 [7,]  -7.46129828 -1.2224814 -0.22137996
 [8,] -10.29038868 -2.5002054 -0.31852401
 [9,]  -9.93115746 -5.5723655 -2.32106496
[10,]   0.00000000  0.0000000  0.00000000
[1] ""
[1] "Test for all-silh :"
 [1]  -0.08336659  -0.11596391  -0.81688362  -1.95629683  -9.98215097
 [6]  -8.96189345 -17.98614776 -18.17329150 -18.10020862   0.00000000
[1] ""
[1] "Test for distr :"
           [,1]       [,2]       [,3]
 [1,] -4.667773  -7.433815  -3.034383
 [2,] -3.150741  -4.345744  -2.383097
 [3,] -3.639708 -13.229133  -6.963804
 [4,] -3.400524  -7.135927  -5.864170
 [5,] -3.348453  -7.751515  -3.842016
 [6,] -2.986088  -5.192823  -5.006974
 [7,] -4.388479  -6.423950  -8.144904
 [8,] -3.918766 -10.658405 -13.088683
 [9,] -7.958454 -27.658317 -16.460533
[10,]  0.000000   0.000000   0.000000
[1] ""
[1] "Test for contour :"
             [,1]       [,2]       [,3]
 [1,] -0.04709161 -0.5310283 -0.8255364
 [2,] -0.32296389 -2.0402208 -1.9379420
 [3,] -0.13696586 -2.5257286 -2.0249534
 [4,] -0.17435339 -0.4684049 -4.8283137
 [5,] -0.69314718 -3.3242363       -Inf
 [6,]        -Inf -2.2827825       -Inf
 [7,] -3.64965874 -4.6051702       -Inf
 [8,]        -Inf -2.4769385       -Inf
 [9,]        -Inf       -Inf       -Inf
[10,]  0.00000000  0.0000000  0.0000000
[1] ""
[1] "Test for global-kde :"
           [,1]       [,2]       [,3]
 [1,] -1.527932 -1.8482593 -1.5365603
 [2,] -1.387132 -1.7103820 -1.5414952
 [3,] -1.858137 -2.1198139 -1.9937072
 [4,] -2.146004 -2.5592006 -2.4541650
 [5,] -1.506281 -1.9470183 -1.7187337
 [6,] -2.096821 -2.3216423 -1.9862569
 [7,] -2.337771 -3.2883153 -2.9922707
 [8,] -2.668229 -3.0985961 -3.3792796
 [9,] -3.572634 -5.4792045 -4.1314842
[10,] -0.200316 -0.2158111 -0.2432436
[1] ""
[1] "--------------------------------"
