[1] "--------------------------------"
[1] "Test for euler :"
 [1]  -0.2190955  -0.4954035  -0.5497780  -3.6562613  -6.2555014  -5.3988839
 [7]  -8.4716496 -12.4166510 -11.0599308   0.0000000
[1] ""
[1] "Test for indiv_silh :"
            [,1]       [,2]        [,3]
 [1,] -1.2212014 -2.6120266 -0.15043094
 [2,] -0.4949254 -3.0630356 -0.05958994
 [3,] -0.6910091 -0.6725133 -0.55129616
 [4,] -1.9449827 -0.3575065 -0.16211683
 [5,] -3.8362424 -1.2947846 -0.10014051
 [6,] -3.8852534 -2.0937866 -0.66087896
 [7,] -6.2738485 -1.7312112 -0.69747547
 [8,] -5.8089913 -4.4586231 -1.05808295
 [9,] -5.5309172 -9.3400389 -0.28270427
[10,]  0.0000000  0.0000000  0.00000000
[1] ""
[1] "Test for all-silh :"
 [1]  -1.942122  -6.515512  -3.368363  -2.538666 -10.722155 -10.351779
 [7] -15.517748 -13.485778 -18.107666   0.000000
[1] ""
[1] "Test for distr :"
            [,1]       [,2]       [,3]
 [1,] -10.858202       -Inf -22.477177
 [2,]  -4.185437  -5.405514  -3.019856
 [3,]  -3.171743  -3.338168  -4.853908
 [4,]  -3.595913  -5.444302  -5.069337
 [5,]  -5.021088  -6.176547  -2.623172
 [6,]  -2.811901  -7.153654  -6.603697
 [7,]  -4.840090 -11.265922 -10.696934
 [8,]  -3.529844  -9.236616  -8.872263
 [9,]  -5.784508  -7.856292 -10.308409
[10,]   0.000000   0.000000   0.000000
[1] ""
[1] "Test for contour :"
            [,1]        [,2]        [,3]
 [1,] -0.7215467 -0.01816397 -0.03252319
 [2,] -0.1578241 -2.47693848 -0.04709161
 [3,] -0.9781661 -0.53102833 -0.15548490
 [4,]       -Inf -2.38596670 -2.24431618
 [5,] -2.5257286 -2.57702194        -Inf
 [6,]       -Inf -3.50655790        -Inf
 [7,] -2.8473123        -Inf        -Inf
 [8,]       -Inf -3.50655790        -Inf
 [9,]       -Inf        -Inf        -Inf
[10,]  0.0000000  0.00000000  0.00000000
[1] ""
[1] "Test for global-kde :"
            [,1]       [,2]       [,3]
 [1,] -3.0052816 -4.0135898 -3.2707489
 [2,] -2.6502263 -3.2368993 -2.5625489
 [3,] -2.2737683 -2.5940927 -2.5690799
 [4,] -1.8622924 -2.1518179 -2.0889086
 [5,] -1.8693866 -2.3007546 -1.7900215
 [6,] -2.0749312 -2.3080379 -2.1682114
 [7,] -2.6501621 -3.2068477 -3.3421325
 [8,] -2.2177106 -2.8387209 -2.9306842
 [9,] -3.0384604 -3.7851829 -3.4674212
[10,] -0.2270144 -0.2194114 -0.2443719
[1] ""
[1] "--------------------------------"
