[1] "--------------------------------"
[1] "Test for euler :"
 [1] -17.6857223 -17.9451917 -17.2520969 -14.2196563 -17.5594003 -10.7871737
 [7]  -5.6847574  -2.8452688  -0.1157029   0.0000000
[1] ""
[1] "Test for indiv_silh :"
            [,1]       [,2]       [,3]
 [1,] -10.611043 -6.6484379 -1.3618222
 [2,] -11.093561 -3.5633259 -5.3739269
 [3,] -14.324206 -1.8676155 -4.4814426
 [4,]  -7.966401 -2.9720138 -3.8536200
 [5,] -11.796513 -1.9981778 -2.9235120
 [6,]  -8.169064 -2.1122398 -1.3375389
 [7,]  -3.302436 -1.5767584 -0.6341274
 [8,]  -2.855239 -0.1097689 -1.2123417
 [9,]  -1.179266 -0.4621920 -0.7457658
[10,]   0.000000  0.0000000  0.0000000
[1] ""
[1] "Test for all-silh :"
 [1] -21.6746986 -18.7821264 -21.6053280 -14.2153985 -17.8596038 -14.2383885
 [7]  -8.0633528  -2.9923383  -0.7565064   0.0000000
[1] ""
[1] "Test for distr :"
            [,1]       [,2]       [,3]
 [1,] -11.813631 -31.997099 -12.206321
 [2,]  -7.903651  -9.819493 -14.188269
 [3,] -23.325626 -15.932986  -9.434865
 [4,]  -3.653151  -7.950631  -7.706136
 [5,]  -8.597326  -6.155659  -3.725002
 [6,]  -9.398361  -7.836311  -5.866030
 [7,]  -2.276042  -2.548862  -2.477924
 [8,]  -2.985628  -3.768721  -4.364733
 [9,]  -2.583212  -2.293142  -1.769045
[10,]   0.000000   0.000000   0.000000
[1] ""
[1] "Test for contour :"
            [,1]        [,2]       [,3]
 [1,]       -Inf -4.82831374       -Inf
 [2,]       -Inf -0.67334455       -Inf
 [3,]       -Inf -2.81341072       -Inf
 [4,] -2.8134107 -2.50103603       -Inf
 [5,] -4.6051702 -3.32423634       -Inf
 [6,]       -Inf -2.13707065       -Inf
 [7,] -1.1583623 -0.43078292 -1.7602608
 [8,] -0.8867319 -0.02634398 -1.3547957
 [9,] -0.5175146 -0.08773891 -0.1935847
[10,]  0.0000000  0.00000000  0.0000000
[1] ""
[1] "Test for global-kde :"
            [,1]       [,2]       [,3]
 [1,] -3.2701799 -4.5194230 -3.3697109
 [2,] -3.2218779 -3.3852186 -3.5136343
 [3,] -4.6331313 -4.1286774 -3.8795375
 [4,] -2.3351348 -2.6076035 -2.3719913
 [5,] -2.6967532 -2.6199885 -2.8564282
 [6,] -2.4839955 -3.0217829 -2.5555311
 [7,] -1.3640307 -1.4206946 -1.3194425
 [8,] -1.5649746 -1.4235907 -1.6574989
 [9,] -1.4392325 -1.4079208 -1.2301559
[10,] -0.2335694 -0.2536734 -0.2211171
[1] ""
[1] "--------------------------------"
