[1] "--------------------------------"
[1] "Test for euler :"
 [1]  -0.71239025  -0.36057011  -0.04107687  -0.93961732  -4.14927396
 [6]  -3.87487262  -8.62369486  -6.95470384 -10.78458162   0.00000000
[1] ""
[1] "Test for indiv_silh :"
            [,1]       [,2]         [,3]
 [1,] -0.4713096 -0.4742759 -3.709337486
 [2,] -0.4579015 -0.5667115 -1.647730173
 [3,] -0.1174855 -0.6569124 -1.163839360
 [4,] -1.1958808 -1.5181213 -3.604205031
 [5,] -2.8762882 -0.1056912 -0.002112864
 [6,] -1.9662041 -1.8968888 -1.221177480
 [7,] -3.8218268 -3.0018588 -0.259849853
 [8,] -4.6922784 -1.7226171 -0.716493303
 [9,] -4.3245870 -8.8304530 -0.484677702
[10,]  0.0000000  0.0000000  0.000000000
[1] ""
[1] "Test for all-silh :"
 [1]  -2.1822253  -0.4430106  -2.6974963 -15.0510611  -7.9217279 -11.6621260
 [7] -14.2938063 -12.5094504 -18.7954987   0.0000000
[1] ""
[1] "Test for distr :"
            [,1]       [,2]      [,3]
 [1,]  -5.417986 -14.940619 -3.441302
 [2,]  -6.547460  -5.777693 -3.156869
 [3,]  -2.601557  -3.931684 -3.143236
 [4,]  -3.204015  -9.426362 -4.542371
 [5,]  -2.748880  -7.383653 -4.914509
 [6,] -11.660359 -13.474178 -5.713505
 [7,]  -5.844192 -18.165060 -7.512633
 [8,]  -6.832171 -15.355051 -8.968372
 [9,]  -4.418019 -14.031420 -7.422670
[10,]   0.000000   0.000000  0.000000
[1] ""
[1] "Test for contour :"
            [,1]       [,2]       [,3]
 [1,] -0.9996723 -0.2850190 -0.3065252
 [2,] -1.5050779 -3.5065579 -1.5896353
 [3,] -0.9888614 -1.2106618 -1.7602608
 [4,] -3.2701691 -0.2797139       -Inf
 [5,] -1.2946272 -2.7181005 -4.6051702
 [6,] -3.8167128       -Inf       -Inf
 [7,]       -Inf       -Inf       -Inf
 [8,]       -Inf       -Inf       -Inf
 [9,] -3.9120230       -Inf       -Inf
[10,]  0.0000000  0.0000000  0.0000000
[1] ""
[1] "Test for global-kde :"
            [,1]      [,2]       [,3]
 [1,] -2.3234709 -2.388581 -2.1579746
 [2,] -1.9296297 -2.149866 -1.9354251
 [3,] -1.8321609 -2.160712 -1.8320065
 [4,] -2.1087485 -2.251414 -2.0424843
 [5,] -2.0243398 -2.611762 -2.3258067
 [6,] -2.5394480 -3.283285 -2.2628844
 [7,] -2.7274782 -3.205285 -2.8490632
 [8,] -2.2802598 -2.990267 -3.1780506
 [9,] -2.5323810 -2.970912 -2.7909094
[10,] -0.2229333 -0.228083 -0.2474753
[1] ""
[1] "--------------------------------"
