[1] "--------------------------------"
[1] "Test for euler :"
 [1]  -0.6162484  -2.1312384  -2.8242369  -8.4864272 -12.8835992  -7.6806582
 [7] -15.6000921 -15.9911134 -17.5668866   0.0000000
[1] ""
[1] "Test for indiv_silh :"
             [,1]       [,2]       [,3]
 [1,]  -0.9646858 -0.5685931 -1.9887495
 [2,]  -2.2397681 -1.5393251 -1.0266728
 [3,]  -2.7451674 -0.5793778 -0.8482366
 [4,]  -7.5405011 -2.4856359 -2.9312094
 [5,]  -9.1576653 -2.0874659 -2.6147098
 [6,]  -6.1063656 -0.3974336 -1.4715071
 [7,] -10.6759690 -0.9709272 -4.4726692
 [8,] -10.5364103 -2.4019867 -3.7955515
 [9,] -11.4217516 -4.6537910 -3.3832352
[10,]   0.0000000  0.0000000  0.0000000
[1] ""
[1] "Test for all-silh :"
 [1]  -0.8833035  -0.9186202  -3.6031808  -7.8839711  -9.6573072 -14.5306315
 [7] -16.0622061 -20.0170853 -19.7775987   0.0000000
[1] ""
[1] "Test for distr :"
            [,1]      [,2]       [,3]
 [1,]  -3.546041 -7.848484  -6.986212
 [2,]  -2.274247 -4.425027  -3.088464
 [3,]  -3.768793 -2.598533  -2.535257
 [4,]  -3.251683 -6.637747  -4.476568
 [5,]  -4.625962 -7.024404  -5.363867
 [6,]  -2.803313 -6.221557  -5.732718
 [7,]  -4.054083 -7.774619  -6.197783
 [8,]  -6.426118 -7.708526 -10.036355
 [9,] -26.455875      -Inf -23.175891
[10,]   0.000000  0.000000   0.000000
[1] ""
[1] "Test for contour :"
            [,1]       [,2]       [,3]
 [1,] -0.1648746 -0.2613648 -0.1053605
 [2,] -0.3453112 -0.1232982 -0.2082549
 [3,] -0.7940731 -0.1369659 -0.4494170
 [4,] -1.9661129 -0.8347107 -2.7181005
 [5,] -2.9957323 -0.6891552       -Inf
 [6,] -0.1531512 -1.8971200       -Inf
 [7,] -2.8134107 -0.5978370       -Inf
 [8,]       -Inf -3.3813948       -Inf
 [9,] -5.1159958 -5.5214609       -Inf
[10,]  0.0000000  0.0000000  0.0000000
[1] ""
[1] "Test for global-kde :"
            [,1]       [,2]       [,3]
 [1,] -1.5881875 -1.9083213 -2.1537891
 [2,] -1.5810304 -1.8016468 -1.7439361
 [3,] -1.4009164 -1.5677855 -1.6803119
 [4,] -2.1876602 -2.1768103 -2.2223991
 [5,] -1.8171771 -1.9542167 -2.1821927
 [6,] -1.8797105 -2.5885840 -2.5373202
 [7,] -2.1191158 -2.5060402 -2.8006448
 [8,] -2.2565697 -2.9964831 -3.5771302
 [9,] -4.3488309 -6.2812956 -5.8201669
[10,] -0.2272938 -0.2152241 -0.2363264
[1] ""
[1] "--------------------------------"
