[1] "--------------------------------"
[1] "Test for euler :"
 [1]  -1.254175  -1.260045  -1.131577  -1.046864  -3.998159  -7.123774
 [7] -10.947313 -12.391553 -12.425799   0.000000
[1] ""
[1] "Test for indiv_silh :"
            [,1]        [,2]       [,3]
 [1,] -0.3440041 -0.01828805 -1.7257790
 [2,] -1.1477326 -1.77147947 -0.1464856
 [3,] -1.2770269 -0.44345130 -0.6097688
 [4,] -1.1652320 -0.43959126 -0.7718101
 [5,] -1.9161852 -1.02357759 -0.4938126
 [6,] -3.5944145 -1.09584654 -2.2913849
 [7,] -5.4022662 -2.35079036 -0.4515534
 [8,] -6.6388983 -1.98158732 -1.1008635
 [9,] -8.4304294 -3.66386928 -1.5548089
[10,]  0.0000000  0.00000000  0.0000000
[1] ""
[1] "Test for all-silh :"
 [1]  -0.7445804  -0.6176195  -0.7450126  -3.7684057  -6.8911462 -11.9975270
 [7] -13.2552203 -13.2470617 -12.1105991   0.0000000
[1] ""
[1] "Test for distr :"
           [,1]       [,2]      [,3]
 [1,] -2.999670  -6.656791 -5.086544
 [2,] -2.583133  -4.109386 -2.743068
 [3,] -5.185177  -4.234546 -2.834561
 [4,] -3.790347  -4.214268 -5.560981
 [5,] -4.322918  -5.027869 -2.837151
 [6,] -3.855089  -4.834522 -5.129082
 [7,] -3.392808 -10.262238 -4.784274
 [8,] -3.748361 -12.719165 -6.214328
 [9,] -3.696741 -14.965988 -7.082793
[10,]  0.000000   0.000000  0.000000
[1] ""
[1] "Test for contour :"
            [,1]      [,2]       [,3]
 [1,] -0.4975804 -1.980502 -0.1984509
 [2,] -0.5242486 -1.692820 -0.4034671
 [3,] -0.2770719 -1.966113 -1.0441241
 [4,] -3.0791139 -3.729701 -1.6607312
 [5,] -2.4304185 -2.385967       -Inf
 [6,]       -Inf -3.170086       -Inf
 [7,] -2.1037342 -4.605170       -Inf
 [8,]       -Inf      -Inf       -Inf
 [9,] -4.1351666      -Inf       -Inf
[10,]  0.0000000  0.000000  0.0000000
[1] ""
[1] "Test for global-kde :"
            [,1]       [,2]       [,3]
 [1,] -1.8974243 -2.2575043 -2.1201879
 [2,] -1.5886242 -1.6356489 -1.5387008
 [3,] -1.6209874 -1.7031698 -1.5370938
 [4,] -1.9878999 -2.4075268 -1.9468369
 [5,] -1.4943521 -1.8166768 -1.5699188
 [6,] -1.7098682 -2.1653498 -1.9966867
 [7,] -1.9121175 -2.8160680 -2.1813841
 [8,] -2.2778331 -2.9757919 -2.6847335
 [9,] -2.9604106 -3.4108954 -2.9972297
[10,] -0.2197667 -0.2146008 -0.2389803
[1] ""
[1] "--------------------------------"
