[1] "--------------------------------"
[1] "Test for euler :"
 [1]  -0.3839605  -0.9536200  -2.5267452  -4.1761260 -12.1663038 -10.0538816
 [7] -11.1394088 -18.2090018 -22.2083564   0.0000000
[1] ""
[1] "Test for indiv_silh :"
             [,1]       [,2]        [,3]
 [1,]  -0.1309117 -0.8160660 -0.02528506
 [2,]  -0.5775659 -0.5458470 -1.82606269
 [3,]  -1.1086470 -0.4649218 -0.15945140
 [4,]  -2.5114515 -0.4470522 -1.74667867
 [5,]  -5.9900211 -0.5412777 -2.95151033
 [6,]  -3.1615579 -2.1031767 -0.10917548
 [7,]  -4.1896709 -4.9179282 -1.11113363
 [8,] -10.7133724 -4.9227235 -1.26783578
 [9,]  -5.6094281 -4.3107261 -2.00901214
[10,]   0.0000000  0.0000000  0.00000000
[1] ""
[1] "Test for all-silh :"
 [1]  -0.4448027  -0.5443570  -0.5677429  -3.5708863 -12.7942408  -9.8221104
 [7] -14.7430687 -24.8258509 -11.8768417   0.0000000
[1] ""
[1] "Test for distr :"
            [,1]       [,2]       [,3]
 [1,]  -4.971245  -3.681897  -5.519483
 [2,]  -3.149905  -6.750813  -5.708005
 [3,]  -4.555806  -6.166074  -4.916965
 [4,]  -6.573580 -16.705043 -13.411824
 [5,]  -7.304583  -9.515874  -5.415244
 [6,]  -5.141162  -6.375663  -4.295106
 [7,]  -4.497031  -6.771758  -6.074955
 [8,] -12.013104 -10.058320  -5.634659
 [9,]  -8.886623 -15.683502  -8.439440
[10,]   0.000000   0.000000   0.000000
[1] ""
[1] "Test for contour :"
             [,1]      [,2]       [,3]
 [1,] -0.10758521 -1.378326 -0.3681693
 [2,] -0.06827884 -2.071473 -0.9942523
 [3,] -0.97816614 -2.659260 -4.0173835
 [4,] -0.69715520 -2.244316 -4.2686979
 [5,] -0.07904321 -2.956512       -Inf
 [6,] -1.46967597      -Inf       -Inf
 [7,]        -Inf -5.115996       -Inf
 [8,] -2.32278780 -1.714798       -Inf
 [9,]        -Inf -4.268698       -Inf
[10,]  0.00000000  0.000000  0.0000000
[1] ""
[1] "Test for global-kde :"
           [,1]       [,2]       [,3]
 [1,] -1.558694 -1.7771787 -1.8490489
 [2,] -1.949764 -1.9841210 -1.7640663
 [3,] -1.981866 -2.3279880 -2.0483808
 [4,] -2.016990 -2.5327860 -2.5927209
 [5,] -2.071425 -2.4166822 -2.0679439
 [6,] -1.921709 -2.5850755 -2.1899915
 [7,] -2.168290 -2.4613573 -2.4102953
 [8,] -3.031078 -3.5122607 -2.9182054
 [9,] -3.511951 -3.8808724 -3.6165684
[10,] -0.220421 -0.2272182 -0.2409589
[1] ""
[1] "--------------------------------"
