[1] "--------------------------------"
[1] "Test for euler :"
 [1]  -1.2264057  -0.2649340  -0.1315903  -1.6913482  -2.8652494  -6.6748905
 [7]  -8.2772050 -10.1975919 -15.5995175   0.0000000
[1] ""
[1] "Test for indiv_silh :"
             [,1]       [,2]       [,3]
 [1,] -2.52977426 -1.9028668 -0.2348888
 [2,] -0.20435244 -0.2456273 -1.6339497
 [3,] -0.19688615 -1.0014273 -1.1075457
 [4,] -0.07769494 -2.0455038 -1.8709617
 [5,] -0.75062939 -1.6325768 -0.2441359
 [6,] -3.62418660 -2.5357452 -2.8579241
 [7,] -5.25135721 -2.0032837 -0.3279223
 [8,] -5.70088937 -4.3437696 -1.9389065
 [9,] -8.97320957 -5.3254921 -0.7963867
[10,]  0.00000000  0.0000000  0.0000000
[1] ""
[1] "Test for all-silh :"
 [1]  -1.1783225  -0.6799118  -0.6825453  -4.2764600  -2.4091628 -11.1637187
 [7] -12.8014959 -15.2234613 -19.8834385   0.0000000
[1] ""
[1] "Test for distr :"
           [,1]       [,2]       [,3]
 [1,] -3.953569  -3.546936  -2.587804
 [2,] -5.367161  -4.593535  -3.329216
 [3,] -2.841461  -2.418555  -2.736171
 [4,] -2.978232  -3.800681  -4.315841
 [5,] -5.866687  -5.094646  -6.213856
 [6,] -5.806594  -8.741599  -3.052033
 [7,] -4.212098 -14.145687  -9.077369
 [8,] -4.387670 -19.740928 -12.449448
 [9,] -5.191425  -6.012902  -7.234132
[10,]  0.000000   0.000000   0.000000
[1] ""
[1] "Test for contour :"
            [,1]       [,2]       [,3]
 [1,] -0.2459005 -3.3242363 -0.8722738
 [2,] -0.8580218 -0.9162907 -1.5798791
 [3,] -0.2459005 -0.4094731 -5.5214609
 [4,] -3.0791139 -1.6398971 -3.3242363
 [5,]       -Inf -1.3547957       -Inf
 [6,] -0.2903523 -2.2256241       -Inf
 [7,] -3.5065579 -5.5214609       -Inf
 [8,] -2.8134107 -3.1700857       -Inf
 [9,] -2.2827825 -3.3242363       -Inf
[10,]  0.0000000  0.0000000  0.0000000
[1] ""
[1] "Test for global-kde :"
            [,1]       [,2]       [,3]
 [1,] -1.9861568 -2.0848378 -1.7919367
 [2,] -1.8325909 -1.9877186 -2.0205323
 [3,] -1.7325655 -1.5408369 -1.3566739
 [4,] -1.6050196 -2.0035420 -2.0529378
 [5,] -1.8942031 -2.1636617 -1.9393436
 [6,] -2.0978267 -2.6362845 -2.0375265
 [7,] -2.2114368 -2.6277565 -2.9938894
 [8,] -1.9542567 -2.8903034 -2.6474302
 [9,] -2.5680168 -3.3611233 -3.1356841
[10,] -0.2059525 -0.2182057 -0.2413109
[1] ""
[1] "--------------------------------"
