[1] "--------------------------------"
[1] "Test for euler :"
 [1] -16.5112410 -13.9187777 -18.0722808 -12.8514780  -7.4695102  -9.5550122
 [7]  -1.8198866  -0.6321471  -0.3443472   0.0000000
[1] ""
[1] "Test for indiv_silh :"
             [,1]       [,2]        [,3]
 [1,] -11.9356197 -1.1665652 -3.30909887
 [2,]  -8.1788730 -3.2146177 -3.11260511
 [3,] -13.6779635 -2.2899320 -5.61584499
 [4,] -10.5195502 -3.0198105 -4.23068634
 [5,]  -5.6796802 -3.7351087 -1.75207364
 [6,]  -8.7093169 -1.0535943 -2.67503912
 [7,]  -0.4520163 -4.3210793 -0.05936872
 [8,]  -1.3669577 -0.4134456 -1.88766103
 [9,]  -0.1501673 -0.3079815 -0.17564558
[10,]   0.0000000  0.0000000  0.00000000
[1] ""
[1] "Test for all-silh :"
 [1] -19.27586307 -16.84425114 -20.57404958 -16.99707054 -13.17093643
 [6] -16.50993867  -5.64319860  -2.68765854  -0.01039862   0.00000000
[1] ""
[1] "Test for distr :"
            [,1]       [,2]       [,3]
 [1,] -13.518774  -3.428176  -7.384028
 [2,]  -5.148225 -12.203560  -9.459676
 [3,]  -8.122254 -11.199868 -12.977361
 [4,] -14.342413 -10.893179  -6.538655
 [5,]  -2.958530 -15.036324  -9.279242
 [6,]  -6.443977 -10.758403  -6.500038
 [7,]  -2.741242  -9.156660  -4.597540
 [8,]  -7.189284  -6.305669  -3.182396
 [9,]  -3.295425  -2.691979  -3.269659
[10,]   0.000000   0.000000   0.000000
[1] ""
[1] "Test for contour :"
            [,1]         [,2]       [,3]
 [1,] -2.2256241         -Inf       -Inf
 [2,] -0.9675840 -1.551169004       -Inf
 [3,] -2.1202635 -2.525728644       -Inf
 [4,] -0.8347107 -0.755022584 -6.2146081
 [5,] -1.4188176 -2.525728644       -Inf
 [6,] -0.6616485 -1.845160246 -4.6051702
 [7,] -0.5978370 -0.789658081 -0.8255364
 [8,] -2.2443162 -0.155484903 -1.5232602
 [9,]       -Inf -0.044997366 -0.1767372
[10,]  0.0000000 -0.002002003  0.0000000
[1] ""
[1] "Test for global-kde :"
            [,1]       [,2]       [,3]
 [1,] -3.7486991 -3.4227339 -3.6581894
 [2,] -2.5938275 -2.8919179 -3.1964350
 [3,] -2.8649943 -3.7445609 -3.3972167
 [4,] -3.1699541 -3.1512035 -3.1142677
 [5,] -2.4755989 -3.1732573 -3.0805328
 [6,] -2.1569617 -2.6415727 -2.9162883
 [7,] -2.1278605 -2.3808432 -1.9849665
 [8,] -1.7918007 -1.9232576 -1.9487576
 [9,] -1.9543613 -1.9177009 -1.8156820
[10,] -0.2354204 -0.2516178 -0.2174034
[1] ""
[1] "--------------------------------"
