[1] "--------------------------------"
[1] "Test for euler :"
 [1] -20.8838614 -16.2462740 -12.6901705 -15.2719907 -10.2449957  -6.5556026
 [7]  -4.6489091  -2.0077561  -0.7224478   0.0000000
[1] ""
[1] "Test for indiv_silh :"
             [,1]       [,2]       [,3]
 [1,] -18.3550425 -1.7552048 -2.3915722
 [2,] -11.8559074 -1.2835611 -2.7511787
 [3,]  -9.2583231 -5.0761803 -1.1567719
 [4,] -10.5511375 -2.7465547 -2.3801711
 [5,]  -6.5520006 -2.0611556 -2.3930265
 [6,]  -4.1917494 -4.4757929 -1.7895737
 [7,]  -2.4246937 -0.6858258 -1.8529293
 [8,]  -1.4422793 -0.4924606 -0.4246601
 [9,]  -0.7831784 -0.7666261 -0.5573443
[10,]   0.0000000  0.0000000  0.0000000
[1] ""
[1] "Test for all-silh :"
 [1] -24.9473197 -18.6446888 -16.4665518 -16.5238950  -8.9823809  -8.1729718
 [7]  -5.6211914  -1.1930871  -0.1311743   0.0000000
[1] ""
[1] "Test for distr :"
            [,1]       [,2]       [,3]
 [1,] -11.326709 -29.964407 -16.701792
 [2,]  -7.416446 -19.316284 -12.076231
 [3,]  -5.634869  -6.641357 -10.361963
 [4,]  -4.012158 -10.094436  -9.581527
 [5,]  -6.445909  -9.922409  -4.485769
 [6,]  -3.478284  -2.717317  -3.310308
 [7,]  -2.935271  -3.669128  -3.513763
 [8,]  -3.227067  -3.208458  -2.291431
 [9,]  -2.405350  -7.167751  -1.633174
[10,]   0.000000   0.000000   0.000000
[1] ""
[1] "Test for contour :"
            [,1]       [,2]      [,3]
 [1,]       -Inf -4.4228486      -Inf
 [2,]       -Inf -0.7174399      -Inf
 [3,] -2.1541651 -0.2156715      -Inf
 [4,] -5.5214609 -0.2876821      -Inf
 [5,] -1.2378744 -0.6733446      -Inf
 [6,] -1.5896353 -2.9187712      -Inf
 [7,] -6.2146081 -1.6928195 -2.225624
 [8,] -0.6772738 -0.2484614 -0.298406
 [9,] -0.3424903 -0.7298112 -1.560648
[10,]  0.0000000  0.0000000  0.000000
[1] ""
[1] "Test for global-kde :"
            [,1]       [,2]       [,3]
 [1,] -3.4855151 -5.2610408 -4.7346516
 [2,] -3.3853268 -4.6406031 -3.9249358
 [3,] -3.5771915 -3.4090968 -4.1186309
 [4,] -2.5856546 -2.8265834 -2.6427025
 [5,] -2.5198173 -2.6025189 -2.4097555
 [6,] -1.5212061 -1.4944829 -1.6812183
 [7,] -1.8821869 -1.9209671 -2.1137752
 [8,] -1.6100055 -1.6025001 -1.5793610
 [9,] -1.6187973 -1.7830512 -1.5703203
[10,] -0.2279325 -0.2560806 -0.2128617
[1] ""
[1] "--------------------------------"
