[1] "--------------------------------"
[1] "Test for euler :"
 [1] -12.421763 -13.767764 -10.782264  -9.799651  -8.009111  -8.730142
 [7]  -4.985959  -0.798676  -1.775105   0.000000
[1] ""
[1] "Test for indiv_silh :"
            [,1]       [,2]          [,3]
 [1,] -8.7475119 -7.2798197 -0.1853110582
 [2,] -7.6885430 -6.8875045 -2.0082973787
 [3,] -5.9448464 -6.7800498 -0.0001379156
 [4,] -4.5747536 -6.4760946 -1.9310731484
 [5,] -4.0478037 -5.0127952 -3.0506031396
 [6,] -6.4971212 -3.5475675 -0.0667204416
 [7,] -5.1810613 -1.6940683 -0.8056537997
 [8,] -0.6389785 -0.6448111 -1.0022972136
 [9,] -0.6294505 -0.9990743 -2.1935513247
[10,]  0.0000000  0.0000000  0.0000000000
[1] ""
[1] "Test for all-silh :"
 [1] -18.9001752 -19.0499493 -16.2120869 -15.2260890 -13.5219686 -11.8630995
 [7]  -7.8861334  -0.9813809  -1.1243601   0.0000000
[1] ""
[1] "Test for distr :"
           [,1]       [,2]       [,3]
 [1,] -3.070590  -8.742914  -7.529987
 [2,] -6.470373 -15.221072 -13.451104
 [3,] -8.554744  -4.572937  -4.955038
 [4,] -4.902579  -6.431397  -5.700048
 [5,] -4.023167  -6.208937  -3.418224
 [6,] -5.284622  -4.576789  -3.356019
 [7,] -4.953117  -9.552213  -3.534724
 [8,] -2.738181  -2.359312  -2.183993
 [9,] -2.084588  -3.293461  -2.523169
[10,]  0.000000   0.000000   0.000000
[1] ""
[1] "Test for contour :"
            [,1]       [,2]       [,3]
 [1,] -0.8119307       -Inf       -Inf
 [2,] -1.4610179 -2.6592600       -Inf
 [3,] -2.9957323 -5.1159958       -Inf
 [4,] -0.9571127 -1.2447948 -6.2146081
 [5,] -2.9187712 -2.4769385 -6.2146081
 [6,] -4.8283137 -1.0161111 -0.5344355
 [7,] -1.5141277 -2.0714734 -1.5050779
 [8,] -1.2106618 -0.5586163 -1.3547957
 [9,] -0.6772738 -1.3318062 -0.5447272
[10,]  0.0000000  0.0000000  0.0000000
[1] ""
[1] "Test for global-kde :"
           [,1]      [,2]       [,3]
 [1,] -2.562049 -3.005246 -4.1209660
 [2,] -2.912025 -3.824131 -4.3163213
 [3,] -2.615747 -2.467070 -2.8040886
 [4,] -2.155369 -2.452753 -2.2167671
 [5,] -2.210705 -2.288921 -2.1934387
 [6,] -2.310658 -2.188389 -2.0950364
 [7,] -2.241440 -2.321424 -2.3449966
 [8,] -1.611525 -1.442666 -1.4384784
 [9,] -1.442594 -1.637694 -1.6201465
[10,] -0.232148 -0.261338 -0.2093207
[1] ""
[1] "--------------------------------"
