[1] "--------------------------------"
[1] "Test for euler :"
 [1] -23.7162623 -14.9810405 -13.9777584  -9.0417177 -13.8935900  -4.3389201
 [7]  -4.0461028  -0.4583016  -0.9181782   0.0000000
[1] ""
[1] "Test for indiv_silh :"
             [,1]         [,2]       [,3]
 [1,] -16.3542398 -2.999941609 -2.2887862
 [2,] -10.8770784 -1.948903122 -2.4150087
 [3,] -11.6394355 -2.023617198 -1.5842613
 [4,]  -4.3310597 -3.873690049 -2.1176076
 [5,]  -8.9891401 -2.067127957 -2.0697957
 [6,]  -2.2301735 -2.671793069 -0.5503656
 [7,]  -2.6539120 -0.001316427 -0.3422551
 [8,]  -0.5446381 -0.380165959 -0.1578323
 [9,]  -2.0815287 -2.529222429 -0.5636454
[10,]   0.0000000  0.000000000  0.0000000
[1] ""
[1] "Test for all-silh :"
 [1] -19.815840 -15.498849 -14.379664 -10.959466 -10.995003  -5.582926
 [7]  -2.427341  -0.280498  -1.115882   0.000000
[1] ""
[1] "Test for distr :"
           [,1]       [,2]       [,3]
 [1,] -6.062885 -10.191130 -11.282575
 [2,] -7.293619 -11.344085  -8.338078
 [3,] -8.302847 -13.839918  -5.395463
 [4,] -6.738807  -6.259864  -6.007942
 [5,] -6.302376 -12.952786  -7.107719
 [6,] -7.929045  -3.411647  -3.356816
 [7,] -4.024749  -6.360362  -4.627539
 [8,] -3.599820  -3.829612  -2.038783
 [9,] -4.226798  -5.473209  -2.409483
[10,]  0.000000   0.000000   0.000000
[1] ""
[1] "Test for contour :"
           [,1]        [,2]       [,3]
 [1,]      -Inf -0.07904321       -Inf
 [2,] -3.912023 -4.82831374       -Inf
 [3,]      -Inf -2.04022083       -Inf
 [4,]      -Inf -0.66164851       -Inf
 [5,]      -Inf -0.93649344 -6.2146081
 [6,] -5.115996 -0.04082199 -2.9187712
 [7,]      -Inf -3.17008566 -1.1711830
 [8,] -1.514128 -0.60880603 -0.0965109
 [9,]      -Inf -0.01409892 -0.1415636
[10,]  0.000000  0.00000000  0.0000000
[1] ""
[1] "Test for global-kde :"
            [,1]       [,2]       [,3]
 [1,] -2.5810009 -3.4295541 -3.5423888
 [2,] -2.7631727 -2.9761977 -2.9061031
 [3,] -2.9022053 -3.5681972 -2.7226589
 [4,] -2.1410548 -2.4715218 -2.3088826
 [5,] -2.8959537 -2.8218904 -2.3840929
 [6,] -2.1590464 -2.2351156 -2.0649869
 [7,] -2.3866698 -2.2883629 -1.9671492
 [8,] -1.9416286 -1.7095786 -1.5017785
 [9,] -1.9318080 -2.2147980 -1.7041461
[10,] -0.2167909 -0.2543441 -0.2218515
[1] ""
[1] "--------------------------------"
