[1] "--------------------------------"
[1] "Test for euler :"
 [1] -21.108902 -15.957668 -13.549044 -14.943617 -12.707028 -10.650944
 [7]  -5.493796  -3.111783  -2.993831   0.000000
[1] ""
[1] "Test for indiv_silh :"
             [,1]       [,2]      [,3]
 [1,] -10.4871977 -3.2144781 -1.260478
 [2,]  -6.6357165 -7.0576230 -2.799383
 [3,]  -9.1030869 -5.4720332 -2.478363
 [4,]  -8.1458205 -2.7658930 -3.701073
 [5,]  -8.4144915 -4.3462324 -1.510515
 [6,]  -4.4120734 -3.3135464 -4.093697
 [7,]  -1.5746719 -3.3776941 -1.822625
 [8,]  -0.7521742 -0.9058677 -2.934019
 [9,]  -0.9139046 -0.0257119 -1.605196
[10,]   0.0000000  0.0000000  0.000000
[1] ""
[1] "Test for all-silh :"
 [1] -19.789985 -19.980613 -18.724191 -17.308624 -12.990129 -11.784651
 [7]  -7.993364  -3.602412  -1.041409   0.000000
[1] ""
[1] "Test for distr :"
           [,1]       [,2]       [,3]
 [1,] -8.994754 -29.749988 -14.014199
 [2,] -4.074974 -12.974876  -6.248617
 [3,] -9.206417 -18.705880  -8.790787
 [4,] -3.901357  -7.503849  -3.849480
 [5,] -3.696790  -3.301626  -5.546944
 [6,] -2.886998  -2.716742  -3.120485
 [7,] -3.131342  -4.021224  -3.266108
 [8,] -2.426958  -2.633894  -1.949464
 [9,] -3.982365  -4.095923  -2.348845
[10,]  0.000000   0.000000   0.000000
[1] ""
[1] "Test for contour :"
            [,1]        [,2]      [,3]
 [1,] -0.7133499        -Inf      -Inf
 [2,] -2.5770219 -3.12356565      -Inf
 [3,] -5.5214609 -2.47693848      -Inf
 [4,] -6.2146081 -3.44201938      -Inf
 [5,] -4.6051702 -4.26869795      -Inf
 [6,] -1.6296406 -0.07472355 -4.605170
 [7,] -3.2701691 -0.86750057 -1.551169
 [8,] -0.2561834 -0.41248972 -0.572701
 [9,] -0.7011794 -0.09211529 -2.225624
[10,]  0.0000000  0.00000000  0.000000
[1] ""
[1] "Test for global-kde :"
            [,1]       [,2]       [,3]
 [1,] -3.2776080 -3.5287955 -3.6909515
 [2,] -2.4568482 -2.8902781 -2.9999062
 [3,] -2.4091489 -3.1193920 -3.8987386
 [4,] -2.0616153 -2.3460647 -2.3027115
 [5,] -2.0613286 -2.0557924 -2.3127468
 [6,] -1.5989922 -1.9334985 -1.8027150
 [7,] -1.8311829 -2.0197489 -1.9131727
 [8,] -1.3154508 -1.2494510 -1.2894356
 [9,] -1.6502695 -1.8149086 -1.7010640
[10,] -0.2207738 -0.2542674 -0.2199361
[1] ""
[1] "--------------------------------"
