[1] "--------------------------------"
[1] "Test for euler :"
 [1] -11.8344365 -16.5419973 -11.5788533 -10.0656017 -13.3488384  -9.6739630
 [7]  -3.5882818  -0.1201539  -2.3631768   0.0000000
[1] ""
[1] "Test for indiv_silh :"
             [,1]       [,2]       [,3]
 [1,]  -9.0932243 -3.8272517 -0.6871885
 [2,] -10.5552137 -2.5677164 -0.2015877
 [3,]  -5.3271866 -4.1182597 -0.9192315
 [4,]  -5.7901669 -2.2492309 -1.0342558
 [5,]  -4.8116622 -1.7105265 -0.8610533
 [6,]  -3.4374282 -2.2822439 -0.4760465
 [7,]  -1.1897919 -1.5117056 -0.4429788
 [8,]  -0.1071886 -0.4737874 -0.6011043
 [9,]  -0.2262976 -0.2917406 -2.7096000
[10,]   0.0000000  0.0000000  0.0000000
[1] ""
[1] "Test for all-silh :"
 [1] -12.9239344 -14.3061882 -10.5729028  -9.9009734  -6.1853169  -4.7953301
 [7]  -2.0587036  -0.1011851  -1.1552263   0.0000000
[1] ""
[1] "Test for distr :"
            [,1]       [,2]       [,3]
 [1,]  -6.785465 -15.701002  -8.923600
 [2,] -10.564192  -7.263653 -10.169485
 [3,]  -3.178970  -4.227082  -4.489577
 [4,]  -3.741899  -8.256480  -4.282141
 [5,]  -4.257557  -8.021008  -5.696384
 [6,]  -8.855347  -3.144397  -2.574254
 [7,]  -2.636115  -2.607571  -2.976812
 [8,]  -3.488280  -3.506177  -2.492389
 [9,]  -3.182130  -2.344460  -2.430257
[10,]   0.000000   0.000000   0.000000
[1] ""
[1] "Test for contour :"
            [,1]       [,2]       [,3]
 [1,] -2.3025851       -Inf       -Inf
 [2,] -4.6051702       -Inf       -Inf
 [3,]       -Inf -2.6882476       -Inf
 [4,]       -Inf -4.1351666       -Inf
 [5,] -6.2146081 -1.3318062 -5.5214609
 [6,] -2.3644605 -0.9728611 -4.2686979
 [7,]       -Inf -1.6502599 -1.7037486
 [8,] -0.6655320 -1.2517635 -0.1743534
 [9,] -0.6616485 -2.7488722 -0.3915622
[10,]  0.0000000  0.0000000  0.0000000
[1] ""
[1] "Test for global-kde :"
            [,1]       [,2]      [,3]
 [1,] -3.2459428 -3.5285811 -3.660825
 [2,] -2.9945020 -3.5719651 -3.168422
 [3,] -2.0346970 -2.1773197 -2.255500
 [4,] -2.3129597 -2.5629269 -3.031539
 [5,] -2.1747483 -2.5891641 -2.185854
 [6,] -1.9491898 -1.7132392 -1.667824
 [7,] -1.6717336 -1.7234353 -1.511797
 [8,] -1.7637641 -1.7562267 -1.524454
 [9,] -1.7140068 -1.6198884 -1.301559
[10,] -0.2314604 -0.2510721 -0.210918
[1] ""
[1] "--------------------------------"
