[1] "--------------------------------"
[1] "Test for euler :"
 [1] -17.7905496 -14.4818941 -15.4050702 -15.4759742  -9.5338318  -8.9499320
 [7]  -2.6134356  -4.7383629  -0.3680108   0.0000000
[1] ""
[1] "Test for indiv_silh :"
            [,1]       [,2]       [,3]
 [1,] -12.222621 -3.5486682 -4.7952129
 [2,]  -8.551721 -2.2867877 -2.3985725
 [3,]  -9.122518 -2.9014103 -2.0672586
 [4,] -10.468859 -2.1814978 -4.6951011
 [5,]  -4.251334 -4.0118084 -0.5749192
 [6,]  -5.999511 -1.1653660 -2.1142299
 [7,]  -2.808966 -0.3694143 -1.0580994
 [8,]  -2.042815 -0.7624435 -0.1269567
 [9,]  -2.550516 -4.4606631 -1.2010414
[10,]   0.000000  0.0000000  0.0000000
[1] ""
[1] "Test for all-silh :"
 [1] -22.452914 -20.576185 -18.254606 -14.881161 -15.198732  -8.296110
 [7]  -2.726945  -2.585934  -2.498931   0.000000
[1] ""
[1] "Test for distr :"
            [,1]       [,2]       [,3]
 [1,] -14.174403 -28.439839 -13.467292
 [2,]  -5.880198 -11.814515 -12.121274
 [3,]  -2.870665  -3.399313  -4.510339
 [4,]  -2.795344  -7.857843  -3.713313
 [5,]  -3.206161  -2.973201  -3.720086
 [6,]  -5.959355  -3.428669  -3.546383
 [7,]  -2.345295  -3.356333  -3.259800
 [8,]  -2.450814  -2.804611  -2.755332
 [9,]  -2.393751  -4.073208  -4.704845
[10,]   0.000000   0.000000   0.000000
[1] ""
[1] "Test for contour :"
            [,1]       [,2]       [,3]
 [1,]       -Inf -1.4271164       -Inf
 [2,]       -Inf       -Inf       -Inf
 [3,] -2.2072749 -2.3227878 -6.2146081
 [4,] -6.2146081 -1.2873544       -Inf
 [5,] -1.4105871 -0.9113032 -6.2146081
 [6,]       -Inf -0.6500877 -5.1159958
 [7,] -0.5276327 -1.3862944 -1.7037486
 [8,]       -Inf -0.3974969 -0.7339692
 [9,] -0.2407985 -0.8486321 -2.4534080
[10,]  0.0000000  0.0000000  0.0000000
[1] ""
[1] "Test for global-kde :"
            [,1]      [,2]       [,3]
 [1,] -3.4451952 -4.730154 -4.0301324
 [2,] -2.4933943 -3.308384 -3.8484357
 [3,] -2.3388236 -2.687757 -2.6873891
 [4,] -2.3149232 -2.781111 -2.7805161
 [5,] -1.7425797 -1.893277 -1.9720825
 [6,] -1.8054141 -1.986425 -2.0236465
 [7,] -1.5791920 -1.717232 -1.8630429
 [8,] -1.4382749 -1.383941 -1.4645000
 [9,] -1.4910046 -1.825905 -1.6863818
[10,] -0.2290621 -0.260749 -0.2165255
[1] ""
[1] "--------------------------------"
