[1] "--------------------------------"
[1] "Test for euler :"
 [1] -14.84955239 -11.98012570 -12.13645381 -11.01225204  -6.18518865
 [6] -10.50214100  -3.36070700  -0.02805459  -0.91057414   0.00000000
[1] ""
[1] "Test for indiv_silh :"
            [,1]       [,2]        [,3]
 [1,] -9.2715923 -3.4672972 -1.81796382
 [2,] -8.7763655 -3.6323704 -1.59629814
 [3,] -4.7888395 -5.0201261 -2.52472900
 [4,] -5.9767070 -5.6384452 -1.08304864
 [5,] -3.0074604 -4.7738757 -1.22634434
 [6,] -4.3954217 -4.3104338 -0.33719887
 [7,] -0.3652344 -3.8955163 -0.58180630
 [8,] -0.2458938 -0.4323123 -0.02698298
 [9,] -0.5901262 -0.5181498 -1.81774102
[10,]  0.0000000  0.0000000  0.00000000
[1] ""
[1] "Test for all-silh :"
 [1] -14.9441666 -12.8798132 -12.3466122 -10.6114672  -7.8033466  -8.7502829
 [7]  -3.9443999  -0.1501701  -0.5419419   0.0000000
[1] ""
[1] "Test for distr :"
            [,1]       [,2]       [,3]
 [1,]  -6.659469  -8.447424 -12.807677
 [2,]  -4.262797 -10.224268  -6.697598
 [3,] -11.918389 -21.552374 -10.735218
 [4,]  -4.532634  -2.505777  -3.820286
 [5,]  -2.781948  -2.714001  -3.675145
 [6,]  -2.499241  -4.800239  -3.273657
 [7,]  -2.659462  -3.169825  -2.343242
 [8,]  -3.886801 -13.176138 -11.025648
 [9,]  -2.912039  -3.473985  -3.082962
[10,]   0.000000   0.000000   0.000000
[1] ""
[1] "Test for contour :"
            [,1]       [,2]       [,3]
 [1,]       -Inf       -Inf       -Inf
 [2,]       -Inf -2.0557250       -Inf
 [3,] -1.3547957 -6.2146081       -Inf
 [4,] -3.7297014       -Inf       -Inf
 [5,] -1.3783262 -3.0791139 -2.7806209
 [6,] -0.2613648 -0.8301130       -Inf
 [7,] -0.7256704 -0.8964881 -0.4780358
 [8,] -0.6236211 -0.4877604 -0.3595362
 [9,] -1.0106014 -0.1743534 -0.9213033
[10,]  0.0000000  0.0000000  0.0000000
[1] ""
[1] "Test for global-kde :"
            [,1]       [,2]       [,3]
 [1,] -3.1196784 -3.1259636 -4.5480472
 [2,] -2.7180733 -3.2961866 -3.5701134
 [3,] -3.3919753 -3.4188430 -3.3950997
 [4,] -1.5660633 -1.7765472 -1.7538520
 [5,] -1.8560727 -1.7558893 -1.8415063
 [6,] -1.3966623 -1.4668748 -1.4546428
 [7,] -1.4447649 -1.3013121 -1.3555177
 [8,] -2.0767872 -2.6752652 -2.6603307
 [9,] -1.5944565 -1.6209009 -1.4744319
[10,] -0.2257386 -0.2549128 -0.2137589
[1] ""
[1] "--------------------------------"
