[1] "--------------------------------"
[1] "Test for euler :"
 [1]  -1.689098  -2.710851  -4.193612  -6.409532  -4.957424 -13.836304
 [7] -17.064317 -19.288809 -23.378919   0.000000
[1] ""
[1] "Test for indiv_silh :"
              [,1]        [,2]        [,3]
 [1,]  -0.02980489 -0.06236941 -0.59865840
 [2,]  -1.27265026 -0.54796577 -0.31959247
 [3,]  -3.11412155 -0.51293008 -0.34321296
 [4,]  -2.50318203 -0.20233251 -0.13411070
 [5,]  -2.27614952 -2.15463743 -0.05877276
 [6,] -10.45182697 -0.35690289 -0.54774542
 [7,]  -6.17551196 -2.84811028 -0.38345060
 [8,] -11.02731209 -4.16978519 -0.51666821
 [9,] -13.68542291 -5.41588102 -0.06319103
[10,]   0.00000000  0.00000000  0.00000000
[1] ""
[1] "Test for all-silh :"
 [1]  -0.05831588  -0.62526911  -3.43596758  -3.14932199  -9.92421425
 [6] -14.73346220 -12.56719180 -25.12413837 -19.90683152   0.00000000
[1] ""
[1] "Test for distr :"
            [,1]       [,2]       [,3]
 [1,]  -3.162641  -3.144420  -3.399230
 [2,]  -2.438659  -3.306176  -1.926862
 [3,]  -2.128754  -2.289923  -2.787964
 [4,]  -3.421654  -5.966257  -2.721653
 [5,]  -2.083938  -4.954143  -3.745823
 [6,]  -3.346044  -5.707038  -4.728391
 [7,]  -4.032628  -3.971055  -5.844083
 [8,]  -7.741545 -21.585638 -11.227818
 [9,] -17.366342       -Inf -12.036151
[10,]   0.000000   0.000000   0.000000
[1] ""
[1] "Test for contour :"
             [,1]       [,2]        [,3]
 [1,] -0.23825719 -0.1210383 -0.01207258
 [2,] -0.04290750 -0.8533159 -0.04499737
 [3,] -0.08773891 -0.2665731 -1.43548461
 [4,] -4.26869795 -1.7372713 -4.26869795
 [5,] -3.27016912 -3.0365543        -Inf
 [6,] -2.07147337 -0.7298112        -Inf
 [7,] -3.91202301 -2.3434071        -Inf
 [8,] -0.43695578 -5.5214609        -Inf
 [9,] -5.11599581 -2.0402208        -Inf
[10,]  0.00000000  0.0000000  0.00000000
[1] ""
[1] "Test for global-kde :"
            [,1]       [,2]       [,3]
 [1,] -1.5384294 -1.4180517 -1.5691745
 [2,] -1.3032816 -1.4238156 -1.2763791
 [3,] -1.3142473 -1.3626982 -1.2785905
 [4,] -1.3945287 -1.6058183 -1.3856873
 [5,] -1.3106894 -1.5072532 -1.5671420
 [6,] -1.8805947 -2.1126902 -2.0547713
 [7,] -1.7170990 -2.2831959 -2.2445034
 [8,] -2.6884367 -4.2871308 -3.5850110
 [9,] -4.0521017 -6.9009830 -3.8855028
[10,] -0.2198879 -0.2158947 -0.2435265
[1] ""
[1] "--------------------------------"
