[1] "--------------------------------"
[1] "Test for euler :"
 [1]  -0.9760379  -0.3951125  -3.5001156  -5.5352902  -3.7685271 -12.5045351
 [7] -17.0634570 -16.9620856 -19.2375080   0.0000000
[1] ""
[1] "Test for indiv_silh :"
             [,1]       [,2]       [,3]
 [1,]  -0.3285856 -0.8890043 -0.2860579
 [2,]  -0.1938054 -0.4846099 -0.4381681
 [3,]  -1.6410702 -2.0370995 -0.4256774
 [4,]  -3.4186492 -1.0951646 -0.6487540
 [5,]  -1.9813714 -0.3092066 -0.2536182
 [6,]  -8.2508730 -0.2072334 -0.8721889
 [7,] -11.7823331 -1.9209568 -2.4137784
 [8,] -11.0127967 -3.3006884 -2.3702519
 [9,] -12.3116347 -2.6648585 -1.3484778
[10,]   0.0000000  0.0000000  0.0000000
[1] ""
[1] "Test for all-silh :"
 [1]  -0.2749624  -0.8003104  -0.6764788  -2.7319068  -3.1744419 -15.2596672
 [7] -16.4388496 -21.7638530 -22.3659037   0.0000000
[1] ""
[1] "Test for distr :"
            [,1]       [,2]       [,3]
 [1,]  -3.806630  -4.505046  -4.071689
 [2,]  -3.537803  -3.228030  -3.629656
 [3,]  -4.373088  -8.632076  -4.547922
 [4,]  -5.457702 -16.872317 -12.912305
 [5,]  -4.216226  -4.588442  -4.630420
 [6,]  -3.499311  -4.612661  -6.966109
 [7,]  -8.187089 -13.335257  -8.605361
 [8,]  -4.794931 -13.650600  -9.870112
 [9,] -16.155450 -16.664277 -11.687459
[10,]   0.000000   0.000000   0.000000
[1] ""
[1] "Test for contour :"
            [,1]       [,2]        [,3]
 [1,] -0.1815219 -0.3595362 -0.09431068
 [2,] -0.4277107 -2.8134107 -0.11653382
 [3,] -4.1351666 -0.4975804 -0.45886588
 [4,] -0.4716049 -0.1960149 -0.97816614
 [5,] -1.4961092 -2.0249534        -Inf
 [6,] -0.7678707 -3.6496587        -Inf
 [7,]       -Inf -2.3859667        -Inf
 [8,] -3.6496587 -3.9120230        -Inf
 [9,]       -Inf -4.1351666        -Inf
[10,]  0.0000000  0.0000000  0.00000000
[1] ""
[1] "Test for global-kde :"
            [,1]       [,2]       [,3]
 [1,] -1.9367136 -2.0756701 -1.9301466
 [2,] -1.7514929 -1.8684886 -1.8767258
 [3,] -1.7098872 -2.0922298 -1.9191897
 [4,] -1.8494034 -2.7874385 -2.6647271
 [5,] -1.4496395 -1.6503864 -1.6735860
 [6,] -1.8943903 -2.3625904 -2.5730888
 [7,] -2.6377201 -4.1491806 -4.2757012
 [8,] -2.6012271 -3.6819150 -3.2980248
 [9,] -3.2555463 -3.6764926 -3.7894199
[10,] -0.2143033 -0.2198623 -0.2498225
[1] ""
[1] "--------------------------------"
