[1] "--------------------------------"
[1] "Test for euler :"
 [1]  -2.020131  -2.691295  -4.539472  -6.086258 -13.645461 -19.437657
 [7] -18.708613 -24.341252 -24.121833   0.000000
[1] ""
[1] "Test for indiv_silh :"
            [,1]      [,2]        [,3]
 [1,]  -2.309666 -1.726969 -0.05953012
 [2,]  -3.588047 -1.019860 -0.33532329
 [3,]  -6.607876 -2.039098 -0.51444955
 [4,]  -7.604640 -1.525249 -0.54456278
 [5,] -12.504281 -1.451151 -0.07927490
 [6,] -16.199434 -2.319187 -0.50222149
 [7,] -15.622311 -0.443168 -0.31457437
 [8,] -19.499666 -0.259324 -0.50468951
 [9,] -20.172036 -2.336334 -0.98333979
[10,]   0.000000  0.000000  0.00000000
[1] ""
[1] "Test for all-silh :"
 [1]  -1.932098  -5.617618 -11.684769  -9.478476 -15.779973 -16.985051
 [7] -20.374755 -21.174554 -21.911774   0.000000
[1] ""
[1] "Test for distr :"
            [,1]       [,2]       [,3]
 [1,]  -3.587732  -7.103509  -4.264890
 [2,]  -2.874034  -3.671830  -3.208029
 [3,]  -3.484512  -6.898038  -3.507281
 [4,]  -3.238088  -4.584128  -4.735504
 [5,]  -6.642896 -27.449573 -18.047569
 [6,]  -3.128746  -5.102848  -8.001541
 [7,]  -6.042493  -5.697203  -5.129308
 [8,] -20.622912       -Inf -20.283187
 [9,] -26.582822 -25.371688 -10.980551
[10,]   0.000000   0.000000   0.000000
[1] ""
[1] "Test for contour :"
             [,1]        [,2]       [,3]
 [1,] -0.43695578 -1.02165125 -0.2744368
 [2,] -0.03666398 -1.37832619 -0.7298112
 [3,] -0.57625343 -0.96758403 -1.7719568
 [4,] -0.06613980 -0.08121006 -1.8838748
 [5,] -0.24846136 -1.13320373       -Inf
 [6,] -0.06613980 -1.69281952       -Inf
 [7,] -3.07911388 -1.46967597       -Inf
 [8,]        -Inf -2.18925641       -Inf
 [9,]        -Inf        -Inf       -Inf
[10,]  0.00000000  0.00000000  0.0000000
[1] ""
[1] "Test for global-kde :"
            [,1]       [,2]       [,3]
 [1,] -1.7934790 -2.2033593 -2.0382358
 [2,] -1.7763824 -1.9749700 -1.9254924
 [3,] -1.5362872 -1.8310145 -1.9019984
 [4,] -2.0001519 -2.4924966 -2.1205195
 [5,] -2.6221246 -3.9538745 -3.9202173
 [6,] -2.3078147 -3.1144941 -2.6984733
 [7,] -2.6316446 -3.1617668 -2.8097997
 [8,] -3.9935578 -5.7271011 -5.8078163
 [9,] -4.7209382 -5.8084815 -4.3049824
[10,] -0.2284213 -0.2207818 -0.2370678
[1] ""
[1] "--------------------------------"
