[1] "--------------------------------"
[1] "Test for euler :"
 [1] -19.6805704 -18.0369796 -14.7564595 -11.9069122 -18.0691528  -7.3469295
 [7]  -2.7707495  -2.9415185  -0.7166485   0.0000000
[1] ""
[1] "Test for indiv_silh :"
             [,1]       [,2]       [,3]
 [1,] -14.3173577 -5.1515566 -1.4287093
 [2,] -12.3231891 -3.9186282 -1.1760808
 [3,]  -9.5386988 -6.7064049 -1.1532410
 [4,]  -8.2583219 -5.4019377 -0.6633254
 [5,] -13.7663726 -2.7046272 -1.7611623
 [6,]  -3.4510948 -3.2200359 -0.4563899
 [7,]  -0.7370067 -6.5196590 -0.5223001
 [8,]  -1.2019919 -0.6454377 -0.1822048
 [9,]  -0.2997096 -0.1067057 -0.1113244
[10,]   0.0000000  0.0000000  0.0000000
[1] ""
[1] "Test for all-silh :"
 [1] -22.14535620 -21.99639084 -19.62585011 -16.49551839 -17.63901984
 [6] -10.45478043  -8.44407211  -0.43926787  -0.01150511   0.00000000
[1] ""
[1] "Test for distr :"
           [,1]       [,2]       [,3]
 [1,] -2.815304 -17.318375 -13.419514
 [2,] -8.611638 -19.858961 -12.355472
 [3,] -6.550386  -6.167862  -5.052371
 [4,] -4.724281 -12.413998  -7.408340
 [5,] -2.771956  -3.797293  -4.121507
 [6,] -7.279242  -4.280700  -4.410694
 [7,] -3.617197  -4.885341  -3.439262
 [8,] -2.189657  -4.788521  -2.180876
 [9,] -2.289554  -4.233570  -3.314181
[10,]  0.000000   0.000000   0.000000
[1] ""
[1] "Test for contour :"
            [,1]       [,2]       [,3]
 [1,] -1.1583623 -3.3242363       -Inf
 [2,] -0.7092766 -2.4769385       -Inf
 [3,] -1.8451602 -3.3242363       -Inf
 [4,] -2.3025851 -0.4748152       -Inf
 [5,] -2.2827825 -1.3167683       -Inf
 [6,] -1.2173958 -0.5869870 -3.2188758
 [7,] -2.0249534 -0.4845083 -0.4246479
 [8,] -0.6733446 -2.8473123 -1.6398971
 [9,] -1.0161111 -1.0051219 -0.2181560
[10,]  0.0000000  0.0000000  0.0000000
[1] ""
[1] "Test for global-kde :"
            [,1]       [,2]       [,3]
 [1,] -2.4341702 -3.4626994 -3.7081436
 [2,] -2.5306562 -3.6218879 -3.7516261
 [3,] -2.1435004 -2.4156592 -2.4854297
 [4,] -2.7207303 -3.2076051 -3.8385275
 [5,] -1.9307234 -2.2187264 -2.2873958
 [6,] -2.5378045 -2.2441414 -2.3837707
 [7,] -1.6213984 -1.7331389 -1.5699248
 [8,] -1.4674381 -1.4678055 -1.4733890
 [9,] -1.7693691 -1.7428259 -1.5516310
[10,] -0.2119825 -0.2604112 -0.2042899
[1] ""
[1] "--------------------------------"
