[1] "--------------------------------"
[1] "Test for euler :"
 [1] -19.73564174 -22.70344572 -16.47579174 -15.84907635 -13.45200652
 [6]  -6.66487417  -5.83325881  -1.72840348  -0.09193036   0.00000000
[1] ""
[1] "Test for indiv_silh :"
             [,1]        [,2]      [,3]
 [1,] -12.4144455 -1.93417000 -1.679005
 [2,] -12.5582221 -2.50789846 -2.931624
 [3,] -10.4075350 -2.48992947 -2.114100
 [4,]  -9.5664624 -2.04628573 -3.052591
 [5,]  -9.1693126 -0.17069561 -2.649335
 [6,]  -2.1210842 -2.21204582 -1.069611
 [7,]  -4.1550620 -0.02324777 -1.892646
 [8,]  -1.0194170 -0.89744616 -1.239765
 [9,]  -0.3162793 -1.86208970 -2.159159
[10,]   0.0000000  0.00000000  0.000000
[1] ""
[1] "Test for all-silh :"
 [1] -20.7193092 -21.9922544 -19.6934140 -19.2323839 -15.0860926  -8.6485259
 [7]  -4.5708563  -0.3035532  -1.7347453   0.0000000
[1] ""
[1] "Test for distr :"
            [,1]       [,2]       [,3]
 [1,]  -7.657161 -18.142546 -16.605729
 [2,] -12.554634 -29.562332 -15.160752
 [3,]  -3.140398  -6.411185  -8.264164
 [4,]  -4.210355  -7.270943  -9.268730
 [5,]  -4.813377  -6.428597  -5.383095
 [6,]  -4.581382  -3.028740  -2.746416
 [7,]  -2.207749  -6.665815  -3.540612
 [8,]  -5.687913  -4.637422  -4.480860
 [9,]  -4.134227  -3.281846  -2.271486
[10,]   0.000000   0.000000   0.000000
[1] ""
[1] "Test for contour :"
            [,1]       [,2]      [,3]
 [1,]       -Inf       -Inf      -Inf
 [2,] -3.8167128 -2.6592600      -Inf
 [3,] -0.5378543 -0.5175146      -Inf
 [4,] -3.8167128 -2.2256241      -Inf
 [5,] -4.0173835 -4.0173835 -3.506558
 [6,] -1.0555528 -0.5798185 -2.525729
 [7,] -0.2057949 -0.5942072 -3.218876
 [8,] -0.8164454 -1.6296406 -1.599488
 [9,] -0.9623347 -0.3312857 -2.343407
[10,]  0.0000000  0.0000000  0.000000
[1] ""
[1] "Test for global-kde :"
            [,1]       [,2]       [,3]
 [1,] -3.1158886 -3.5665252 -4.4041873
 [2,] -3.2508525 -3.9505123 -4.1822682
 [3,] -2.1060891 -2.2464509 -2.7237639
 [4,] -2.2164280 -2.8011944 -2.6584272
 [5,] -3.0817221 -2.6790090 -2.7214965
 [6,] -2.0825997 -1.8796182 -1.7742123
 [7,] -1.9025622 -2.0232391 -1.9358270
 [8,] -2.3051510 -2.7214830 -2.2351730
 [9,] -1.5853633 -1.7798392 -1.5977892
[10,] -0.2270973 -0.2565334 -0.2155026
[1] ""
[1] "--------------------------------"
