[1] "--------------------------------"
[1] "Test for euler :"
 [1] -14.291893 -20.890316  -9.254508 -12.568039 -14.062649  -8.440363
 [7]  -7.252467  -1.415239  -2.193606   0.000000
[1] ""
[1] "Test for indiv_silh :"
             [,1]      [,2]       [,3]
 [1,]  -7.9257587 -5.453439 -0.4729372
 [2,] -12.8106549 -3.805753 -0.6823394
 [3,]  -2.5706094 -6.766088 -0.2373096
 [4,]  -4.7507943 -6.303864 -0.4321440
 [5,]  -5.9173786 -4.104531 -0.5957636
 [6,]  -9.3348764 -1.082361 -0.1703347
 [7,]  -3.1813333 -1.325955 -0.5869490
 [8,]  -0.9711629 -1.143853 -0.2841552
 [9,]  -0.7706159 -0.949776 -0.3053986
[10,]   0.0000000  0.000000  0.0000000
[1] ""
[1] "Test for all-silh :"
 [1] -16.789759 -19.729064 -12.119962 -14.248183 -13.685322 -12.632714
 [7]  -4.078110  -1.413342  -1.057327   0.000000
[1] ""
[1] "Test for distr :"
            [,1]       [,2]       [,3]
 [1,]  -4.898268  -5.666287  -9.729114
 [2,] -14.415065 -17.240096 -13.826564
 [3,]  -3.757002  -3.749421  -4.237648
 [4,]  -4.184594  -2.558125  -2.684254
 [5,]  -5.019374  -6.807320  -4.739586
 [6,]  -5.285117  -4.133198  -6.701536
 [7,]  -2.631150  -4.291598  -4.086610
 [8,]  -2.565428  -2.624901  -2.430290
 [9,]  -2.498268  -2.089270  -2.460164
[10,]   0.000000   0.000000   0.000000
[1] ""
[1] "Test for contour :"
            [,1]        [,2]       [,3]
 [1,] -1.5511690 -3.64965874       -Inf
 [2,]       -Inf -0.81644540       -Inf
 [3,] -3.2701691 -2.91877123       -Inf
 [4,] -4.6051702 -1.78379130       -Inf
 [5,] -5.5214609 -0.46840491       -Inf
 [6,]       -Inf -3.44201938       -Inf
 [7,] -3.4420194 -0.34531119 -3.5065579
 [8,] -0.7092766 -0.05129329 -0.3768777
 [9,] -0.3092463 -0.23572233 -1.4439235
[10,]  0.0000000  0.00000000  0.0000000
[1] ""
[1] "Test for global-kde :"
            [,1]       [,2]       [,3]
 [1,] -2.3175212 -3.1164469 -3.4476749
 [2,] -3.7512033 -4.5799196 -3.8515108
 [3,] -2.3408490 -2.7019280 -3.0239196
 [4,] -1.7259190 -1.5993888 -1.6493258
 [5,] -2.2464117 -2.6537663 -2.2166559
 [6,] -2.4337105 -2.4240066 -2.5773609
 [7,] -1.6656014 -1.7346510 -1.8886307
 [8,] -1.2614901 -1.1833307 -1.2855703
 [9,] -1.4725252 -1.3355453 -1.2442890
[10,] -0.2180396 -0.2502787 -0.2127904
[1] ""
[1] "--------------------------------"
