[1] "--------------------------------"
[1] "Test for euler :"
 [1]  -0.1592817  -0.5301012  -1.4006784  -3.8887046  -6.9708732  -7.6643390
 [7]  -8.9861070 -11.5811265 -18.5030918   0.0000000
[1] ""
[1] "Test for indiv_silh :"
              [,1]        [,2]        [,3]
 [1,]  -0.06509869 -0.06705012 -0.21393528
 [2,]  -0.60155197 -0.02827457 -0.35924686
 [3,]  -0.37747187 -0.56688976 -0.63910622
 [4,]  -3.51473643 -0.63302558 -0.02752727
 [5,]  -3.94164578 -0.19098374 -0.65941125
 [6,]  -3.66515640 -1.25509442 -0.68584650
 [7,]  -3.22848640 -4.10414236 -0.13757226
 [8,]  -5.78176426 -2.81502883 -1.01992445
 [9,] -10.15171119 -4.72907964 -2.84157258
[10,]   0.00000000  0.00000000  0.00000000
[1] ""
[1] "Test for all-silh :"
 [1]  -0.03213394  -0.57535614  -1.62592653  -4.41535843  -7.17872694
 [6]  -8.73849171 -15.93683439 -14.85971370 -22.17920601   0.00000000
[1] ""
[1] "Test for distr :"
            [,1]       [,2]       [,3]
 [1,]  -2.318416  -2.694792  -3.310470
 [2,]  -3.149166  -2.865668  -2.523246
 [3,]  -4.506446  -5.718741  -5.244885
 [4,]  -3.700338  -4.011761  -2.189445
 [5,]  -4.063404  -5.588606  -6.673943
 [6,]  -4.242787  -6.343993  -7.227646
 [7,] -10.468509 -16.118062  -9.036207
 [8,]  -9.204567  -8.479452  -7.238876
 [9,]  -6.271609 -13.576613 -10.047541
[10,]   0.000000   0.000000   0.000000
[1] ""
[1] "Test for contour :"
            [,1]       [,2]       [,3]
 [1,] -0.4684049 -2.5010360 -0.1791267
 [2,] -0.2433463 -2.2633644 -0.4246479
 [3,] -2.9187712 -0.9996723 -1.4610179
 [4,] -1.5511690 -0.6971552 -1.8838748
 [5,] -0.3174542 -2.6882476       -Inf
 [6,] -4.8283137       -Inf       -Inf
 [7,] -2.4304185       -Inf       -Inf
 [8,]       -Inf -3.6496587       -Inf
 [9,]       -Inf -4.0173835       -Inf
[10,]  0.0000000  0.0000000  0.0000000
[1] ""
[1] "Test for global-kde :"
           [,1]       [,2]       [,3]
 [1,] -1.546219 -1.9695484 -1.9130849
 [2,] -1.730283 -2.0797544 -1.8211888
 [3,] -2.031415 -2.5536785 -2.2337919
 [4,] -1.561584 -1.8516505 -1.5168116
 [5,] -1.832424 -2.2673919 -2.1057207
 [6,] -1.866978 -2.4727416 -2.3662113
 [7,] -3.283804 -3.0372712 -2.7173469
 [8,] -2.578603 -2.8890058 -2.7894909
 [9,] -2.702654 -4.3766680 -3.5079197
[10,] -0.226042 -0.2264048 -0.2384662
[1] ""
[1] "--------------------------------"
