[1] "--------------------------------"
[1] "Test for euler :"
 [1]  -0.3501033  -0.1871399  -0.4267682  -3.4304248  -6.9913778  -9.9487285
 [7] -13.7606163 -13.8819115 -18.3303561   0.0000000
[1] ""
[1] "Test for indiv_silh :"
               [,1]        [,2]        [,3]
 [1,]  -0.004869381 -0.15771608 -1.27259261
 [2,]  -0.028235299 -0.30271222 -0.07484303
 [3,]  -0.775098569 -0.11923177 -0.16856746
 [4,]  -2.738398105 -0.02784434 -0.06124735
 [5,]  -4.284049689 -1.22328469 -1.78300868
 [6,]  -4.452872380 -0.98188919 -0.01824858
 [7,] -10.614431157 -1.57202846 -1.05590116
 [8,] -12.085669694 -2.54830032 -0.20980074
 [9,] -13.575243480 -4.20835632 -3.43920499
[10,]   0.000000000  0.00000000  0.00000000
[1] ""
[1] "Test for all-silh :"
 [1]  -0.9276558  -0.1403149  -0.5265743  -2.7484967  -3.7272089  -9.2614162
 [7] -19.5133692 -20.0867937 -20.0528331   0.0000000
[1] ""
[1] "Test for distr :"
            [,1]       [,2]       [,3]
 [1,]  -2.108684  -3.657016  -2.579246
 [2,]  -2.828856  -3.347320  -2.970085
 [3,]  -3.585118  -3.330484  -4.658980
 [4,]  -3.271736  -4.413643  -3.120615
 [5,]  -4.296877  -7.312498  -5.374224
 [6,]  -6.473394 -11.204367  -6.520913
 [7,]  -5.079398 -11.727850  -7.472902
 [8,] -12.883043  -8.420612  -8.781344
 [9,]  -8.442378 -14.010637 -14.943565
[10,]   0.000000   0.000000   0.000000
[1] ""
[1] "Test for contour :"
            [,1]       [,2]       [,3]
 [1,] -0.7808861 -1.5798791 -1.1457039
 [2,] -1.1907276 -2.4079456 -0.2484614
 [3,] -0.2281561 -0.6273594 -0.9996723
 [4,] -1.6194882 -2.8824036 -3.6496587
 [5,] -1.0328245 -0.7298112 -3.8167128
 [6,]       -Inf -4.6051702       -Inf
 [7,]       -Inf       -Inf       -Inf
 [8,]       -Inf -2.6310892       -Inf
 [9,]       -Inf -4.6051702       -Inf
[10,]  0.0000000  0.0000000  0.0000000
[1] ""
[1] "Test for global-kde :"
            [,1]       [,2]       [,3]
 [1,] -1.3863414 -1.7114626 -1.5757274
 [2,] -1.3566663 -1.9506925 -1.8755261
 [3,] -1.7560801 -1.8569007 -1.9215789
 [4,] -1.8247261 -1.9615169 -1.4173287
 [5,] -1.9951832 -2.7326957 -2.1513754
 [6,] -1.8815478 -2.2122249 -2.0734113
 [7,] -2.1775264 -2.5637265 -2.6730755
 [8,] -2.8974809 -2.8421995 -2.8495230
 [9,] -3.7250103 -4.0274549 -4.4658215
[10,] -0.2261924 -0.2210407 -0.2334978
[1] ""
[1] "--------------------------------"
