[1] "--------------------------------"
[1] "Test for euler :"
 [1] -14.577417 -22.227815 -18.653902  -7.035648  -7.372149  -7.714090
 [7]  -5.205126  -4.407605  -1.903077   0.000000
[1] ""
[1] "Test for indiv_silh :"
            [,1]       [,2]        [,3]
 [1,]  -6.931848 -3.6222829 -0.52035300
 [2,]  -9.090319 -3.8699520 -1.43632636
 [3,] -10.708116 -3.0680861 -2.42247683
 [4,]  -2.559148 -4.6220911 -1.02989288
 [5,]  -3.588118 -4.0996442 -0.34059603
 [6,]  -3.344358 -2.0997973 -1.67723095
 [7,]  -3.205126 -0.2903552 -1.25073495
 [8,]  -1.174012 -0.3931580 -0.02506976
 [9,]  -1.186684 -0.1650695 -1.12304405
[10,]   0.000000  0.0000000  0.00000000
[1] ""
[1] "Test for all-silh :"
 [1] -15.440706 -16.223487 -18.555851 -10.129220 -11.545586  -7.157306
 [7]  -4.251806  -1.495177  -1.302592   0.000000
[1] ""
[1] "Test for distr :"
            [,1]       [,2]       [,3]
 [1,]  -2.984464 -14.297544 -12.370372
 [2,]  -7.265636 -18.183837 -10.447025
 [3,] -10.899259 -19.375337  -8.280112
 [4,]  -7.080650 -13.343692  -9.060491
 [5,]  -7.452236  -6.300633  -7.463819
 [6,]  -6.352838  -5.417054  -3.336690
 [7,]  -4.142461  -2.719540  -3.836192
 [8,]  -4.562139  -5.042462  -3.083210
 [9,]  -2.862787  -2.705653  -2.333254
[10,]   0.000000   0.000000   0.000000
[1] ""
[1] "Test for contour :"
            [,1]       [,2]      [,3]
 [1,]       -Inf -4.8283137      -Inf
 [2,]       -Inf -0.7635696      -Inf
 [3,] -2.5770219 -2.1541651      -Inf
 [4,] -0.8818893 -0.2744368      -Inf
 [5,] -2.2443162 -0.5074978      -Inf
 [6,] -4.4228486 -2.0099155      -Inf
 [7,] -2.1541651 -0.4620355 -3.324236
 [8,] -0.6424541 -0.1392621 -5.115996
 [9,] -0.6812186 -0.8393297 -1.316768
[10,]  0.0000000  0.0000000  0.000000
[1] ""
[1] "Test for global-kde :"
            [,1]       [,2]       [,3]
 [1,] -2.1359888 -2.9119251 -3.3172077
 [2,] -2.8749113 -3.9124011 -3.5413284
 [3,] -2.3845351 -3.1438011 -3.3377192
 [4,] -3.1064753 -2.7939445 -2.8522971
 [5,] -2.4411263 -2.7864339 -2.4659555
 [6,] -2.0825799 -2.1982003 -2.1266143
 [7,] -1.7703984 -1.8902664 -1.8961153
 [8,] -2.2096610 -2.2803258 -2.0623435
 [9,] -1.4669214 -1.6832892 -1.4785766
[10,] -0.2238902 -0.2577947 -0.2058826
[1] ""
[1] "--------------------------------"
