[1] "--------------------------------"
[1] "Test for euler :"
 [1] -16.0396490 -10.0402993  -9.5716827  -7.1326081  -4.9986084  -3.2097732
 [7]  -1.4971018  -0.2517366  -3.6581597   0.0000000
[1] ""
[1] "Test for indiv_silh :"
            [,1]        [,2]        [,3]
 [1,] -9.6141865  -8.8509901 -1.40961767
 [2,] -6.5622531  -8.4210710 -0.28656618
 [3,] -3.3038312 -10.1166921 -1.42216035
 [4,] -3.1998179 -10.4405675 -1.06068825
 [5,] -2.2083026  -8.6146095 -1.53653397
 [6,] -0.3450410  -9.6482404 -1.35014562
 [7,] -0.3902190  -6.4067124 -0.28924379
 [8,] -0.9021791  -2.9762245 -0.03432562
 [9,] -4.8380341  -0.7506993 -1.48254828
[10,]  0.0000000   0.0000000  0.00000000
[1] ""
[1] "Test for all-silh :"
 [1] -18.108599 -14.991961 -14.080215 -12.788543 -12.314689 -10.689067
 [7]  -5.465599  -1.295313  -4.801215   0.000000
[1] ""
[1] "Test for distr :"
            [,1]       [,2]      [,3]
 [1,]  -3.220325 -11.407283 -9.454493
 [2,]  -5.366948  -8.826660 -6.778930
 [3,]  -3.014148  -6.849442 -4.017159
 [4,]  -3.812827  -2.276656 -4.803308
 [5,]  -6.099213  -5.395045 -6.715473
 [6,] -10.779471  -2.631529 -4.084026
 [7,]  -3.330350  -2.546038 -2.093751
 [8,]  -3.401997  -3.684013 -3.244253
 [9,]  -2.457613  -3.818812 -2.087519
[10,]   0.000000   0.000000  0.000000
[1] ""
[1] "Test for contour :"
            [,1]       [,2]       [,3]
 [1,]       -Inf -3.9120230       -Inf
 [2,] -5.5214609 -0.9213033       -Inf
 [3,] -1.4784097 -2.0099155       -Inf
 [4,] -2.2827825 -0.9834995       -Inf
 [5,] -3.9120230 -0.9675840       -Inf
 [6,] -2.8824036 -1.5417793 -5.1159958
 [7,] -0.5108256 -0.1531512 -1.9951004
 [8,] -1.7372713 -0.4716049 -1.6607312
 [9,] -1.1086626 -0.2433463 -0.1009259
[10,]  0.0000000  0.0000000  0.0000000
[1] ""
[1] "Test for global-kde :"
            [,1]       [,2]       [,3]
 [1,] -2.3353544 -3.0930304 -3.0818424
 [2,] -2.4019926 -2.8175196 -2.8186568
 [3,] -1.8913285 -2.0618943 -1.9769576
 [4,] -1.6943960 -1.5998239 -1.8818371
 [5,] -2.0600607 -2.2119992 -2.1707557
 [6,] -2.0886390 -1.8835326 -1.6048087
 [7,] -1.2325230 -1.2656342 -1.2311677
 [8,] -1.6399122 -1.8388470 -1.4280457
 [9,] -1.4575449 -1.6751263 -1.3507973
[10,] -0.2206209 -0.2598789 -0.2246845
[1] ""
[1] "--------------------------------"
