[1] "--------------------------------"
[1] "Test for euler :"
 [1] -16.5692347 -12.2889286 -11.8316399 -13.2614998 -11.3881439  -8.3192821
 [7]  -3.8385793  -1.3291245  -0.5889199   0.0000000
[1] ""
[1] "Test for indiv_silh :"
             [,1]      [,2]         [,3]
 [1,]  -8.4767753 -5.862983 -0.617158177
 [2,] -10.5168311 -4.215480 -0.315951209
 [3,]  -4.9677040 -6.476984 -0.054554958
 [4,]  -4.7510611 -5.223972 -1.301249811
 [5,]  -4.7163029 -4.686730 -0.027558355
 [6,]  -2.5412829 -4.519710 -0.994396493
 [7,]  -1.0392197 -3.008793 -0.005343688
 [8,]  -0.0108411 -2.430158 -0.426340011
 [9,]  -0.6666798 -1.472651 -0.567380127
[10,]   0.0000000  0.000000  0.000000000
[1] ""
[1] "Test for all-silh :"
 [1] -17.6411363 -16.9681975 -15.5826997 -12.8930651 -13.6798181 -11.9544562
 [7]  -4.6384503  -2.3240350  -0.3786695   0.0000000
[1] ""
[1] "Test for distr :"
           [,1]      [,2]       [,3]
 [1,] -3.293907 -6.406216 -12.623847
 [2,] -6.668885 -7.887951  -8.627957
 [3,] -7.637303 -5.709761  -7.572873
 [4,] -2.553155 -5.723084  -6.607614
 [5,] -4.337494 -3.341068  -4.429184
 [6,] -4.279635 -6.369851  -3.700566
 [7,] -3.262406 -2.983735  -3.760658
 [8,] -3.824277 -4.354667  -2.965338
 [9,] -2.719025 -6.022169  -3.901639
[10,]  0.000000  0.000000   0.000000
[1] ""
[1] "Test for contour :"
            [,1]         [,2]       [,3]
 [1,] -4.0173835 -3.381394754       -Inf
 [2,]       -Inf -1.469675970       -Inf
 [3,] -1.5798791 -0.507497834       -Inf
 [4,] -3.4420194 -1.402423743       -Inf
 [5,] -4.8283137 -0.153151179       -Inf
 [6,] -1.9805016 -0.356674944 -4.6051702
 [7,] -1.3547957 -0.066139803 -1.7147984
 [8,] -1.7957675 -0.014098924 -0.3202053
 [9,] -0.1578241 -0.006018072 -1.0216512
[10,]  0.0000000  0.000000000  0.0000000
[1] ""
[1] "Test for global-kde :"
            [,1]       [,2]       [,3]
 [1,] -2.1510166 -2.9688524 -3.1998841
 [2,] -2.5755530 -3.2545870 -3.2855507
 [3,] -2.2331042 -2.5569094 -2.7886445
 [4,] -1.8871374 -1.9991760 -1.9572777
 [5,] -1.8796985 -2.0402185 -2.1833191
 [6,] -2.0773500 -2.1190598 -1.7353468
 [7,] -1.6502895 -1.7870878 -1.7708976
 [8,] -1.9820020 -1.8946436 -1.7361746
 [9,] -1.9803412 -2.2292551 -1.8470624
[10,] -0.2307771 -0.2606946 -0.2146877
[1] ""
[1] "--------------------------------"
