[1] "--------------------------------"
[1] "Test for euler :"
 [1]  -0.7341929  -2.3068583  -1.7027351  -3.4840935  -5.1825753  -7.0256103
 [7] -10.4402602 -11.5381472 -13.7240883   0.0000000
[1] ""
[1] "Test for indiv_silh :"
            [,1]        [,2]       [,3]
 [1,] -0.2205553 -0.01584296 -2.1267579
 [2,] -1.9696734 -1.03481349 -1.5611211
 [3,] -1.6580955 -0.43965753 -0.4367896
 [4,] -3.2376217 -0.74047617 -0.5233293
 [5,] -3.7585706 -0.04049392 -1.2990878
 [6,] -5.2305073 -0.37112587 -0.6300361
 [7,] -6.7767246 -0.53837995 -0.3081469
 [8,] -8.0335921 -0.58494723 -0.8379026
 [9,] -8.6418238 -3.39350049 -0.3137304
[10,]  0.0000000  0.00000000  0.0000000
[1] ""
[1] "Test for all-silh :"
 [1]  -1.466337  -2.449006  -2.768040  -5.505751  -8.761617 -10.340646
 [7] -14.817390 -21.761958 -16.661591   0.000000
[1] ""
[1] "Test for distr :"
            [,1]       [,2]      [,3]
 [1,]  -4.036489  -3.521533 -2.961031
 [2,]  -2.648761  -3.385214 -2.856023
 [3,]  -6.019294  -6.416206 -4.647289
 [4,]  -4.921231  -5.353442 -3.997571
 [5,]  -5.430764  -5.321577 -4.259589
 [6,]  -5.621033 -10.191098 -5.279247
 [7,] -10.975555 -10.112055 -4.157582
 [8,] -13.871769 -20.900324 -8.952231
 [9,]  -8.870281 -16.786759 -8.036197
[10,]   0.000000   0.000000  0.000000
[1] ""
[1] "Test for contour :"
            [,1]       [,2]      [,3]
 [1,] -0.6198967 -1.1086626 -0.449417
 [2,] -2.2443162 -2.6592600 -5.115996
 [3,] -1.1270118 -0.2823629 -3.912023
 [4,] -2.8824036 -0.2691875 -6.214608
 [5,] -0.5344355 -0.6386590      -Inf
 [6,]       -Inf -1.0788097      -Inf
 [7,]       -Inf -1.3547957      -Inf
 [8,]       -Inf -5.1159958      -Inf
 [9,]       -Inf -2.9957323      -Inf
[10,]  0.0000000  0.0000000  0.000000
[1] ""
[1] "Test for global-kde :"
            [,1]       [,2]       [,3]
 [1,] -1.9167271 -2.0194561 -2.0409203
 [2,] -1.4717705 -1.7983272 -1.7455894
 [3,] -1.7467268 -1.8132699 -1.9226651
 [4,] -2.2594377 -2.4847516 -2.4837750
 [5,] -1.9340907 -2.1869985 -1.9610060
 [6,] -1.9365032 -2.1364984 -2.2608046
 [7,] -3.2790176 -3.5338052 -3.1215191
 [8,] -3.8577073 -4.5039649 -3.7774605
 [9,] -2.4969546 -3.4489556 -3.4903104
[10,] -0.2150425 -0.2202172 -0.2481177
[1] ""
[1] "--------------------------------"
