[1] "--------------------------------"
[1] "Test for euler :"
 [1]  -1.5020571  -0.3033698  -0.9759231  -4.8656728  -6.7179366 -11.2409209
 [7] -14.1672279 -17.3559471 -18.5947717   0.0000000
[1] ""
[1] "Test for indiv_silh :"
             [,1]       [,2]        [,3]
 [1,]  -0.9258844 -0.3061688 -1.67000460
 [2,]  -0.4061533 -1.1326531 -1.82265255
 [3,]  -0.2118789 -1.3996724 -0.89392331
 [4,]  -4.2379119 -0.5239028 -1.48869288
 [5,]  -3.0064350 -1.3486664 -1.42509336
 [6,]  -8.2473904 -0.3190256 -0.02098674
 [7,]  -6.9240598 -4.1432012 -1.99445624
 [8,] -12.5281269 -2.2964739 -1.07801071
 [9,]  -8.8108658 -9.6466992 -0.03405001
[10,]   0.0000000  0.0000000  0.00000000
[1] ""
[1] "Test for all-silh :"
 [1]  -0.7682223  -0.8981431  -2.1299251  -5.9019757  -6.6094165 -12.8959680
 [7] -17.1669304 -17.4593990 -25.0690447   0.0000000
[1] ""
[1] "Test for distr :"
           [,1]       [,2]       [,3]
 [1,] -2.355755  -3.097724  -2.720254
 [2,] -5.016212  -8.102129  -3.226508
 [3,] -3.465667  -5.427336  -4.256927
 [4,] -5.774909  -4.866857  -3.301240
 [5,] -6.610905 -11.449993  -4.260379
 [6,] -6.065908  -7.990468  -5.729326
 [7,] -3.556015  -5.802787  -3.296796
 [8,] -2.811238 -12.948003 -11.624518
 [9,] -5.492381  -8.506557  -9.420722
[10,]  0.000000   0.000000   0.000000
[1] ""
[1] "Test for contour :"
            [,1]       [,2]      [,3]
 [1,] -1.2517635 -0.4652151 -1.410587
 [2,] -0.3202053 -0.7381445 -2.302585
 [3,] -5.5214609 -2.0714734 -2.956512
 [4,] -4.0173835 -0.6812186      -Inf
 [5,]       -Inf -6.2146081      -Inf
 [6,] -5.5214609 -3.1700857      -Inf
 [7,]       -Inf -2.1715568      -Inf
 [8,] -6.2146081 -0.4431670      -Inf
 [9,]       -Inf       -Inf      -Inf
[10,]  0.0000000  0.0000000  0.000000
[1] ""
[1] "Test for global-kde :"
            [,1]       [,2]       [,3]
 [1,] -1.1486509 -1.3097837 -1.2474316
 [2,] -1.9533924 -2.3206982 -2.0367151
 [3,] -1.5718745 -1.9268666 -1.5725122
 [4,] -1.6502366 -1.8382899 -1.5865548
 [5,] -1.9772067 -2.1517278 -1.8233866
 [6,] -1.9353871 -2.3345104 -2.0214891
 [7,] -2.0372366 -2.4774922 -2.2190703
 [8,] -2.3945709 -3.1119621 -3.0668312
 [9,] -2.0221759 -2.7728682 -2.7059739
[10,] -0.2216764 -0.2237911 -0.2404209
[1] ""
[1] "--------------------------------"
