[1] "--------------------------------"
[1] "Test for euler :"
 [1]  -1.668608  -0.774685  -5.739929  -5.584662  -9.924530 -14.036379
 [7] -14.597153 -16.908158 -20.203868   0.000000
[1] ""
[1] "Test for indiv_silh :"
            [,1]        [,2]       [,3]
 [1,]  -1.740890 -0.67935818 -2.0000377
 [2,]  -1.123429 -0.31094431 -0.6738123
 [3,]  -6.744741 -4.68884663 -3.2499108
 [4,]  -5.887493 -1.66664696 -0.9609189
 [5,]  -6.692818 -0.97388025 -1.0492976
 [6,] -11.447982 -3.91076701 -1.8813333
 [7,] -10.419185 -0.05013007 -2.0060348
 [8,] -12.819823 -0.30614873 -3.1138093
 [9,] -13.056772 -1.96400845 -2.5261936
[10,]   0.000000  0.00000000  0.0000000
[1] ""
[1] "Test for all-silh :"
 [1]  -1.3282554  -0.9514537  -4.7722024  -5.8603684  -6.3190299 -12.6883586
 [7] -16.4700006 -18.0647597 -16.5134036   0.0000000
[1] ""
[1] "Test for distr :"
            [,1]       [,2]       [,3]
 [1,]  -3.232335  -2.841931  -2.885016
 [2,]  -2.785784  -3.315211  -4.039474
 [3,]  -3.764592  -4.383248  -7.587145
 [4,]  -2.976513  -8.855277  -4.230668
 [5,] -14.049221 -19.987795  -6.296723
 [6,]  -5.634179  -4.872711  -5.879857
 [7,]  -5.123547  -8.728013  -6.316154
 [8,]  -5.113873 -10.580826 -10.163542
 [9,]  -4.217246 -11.881025 -10.467328
[10,]   0.000000   0.000000   0.000000
[1] ""
[1] "Test for contour :"
            [,1]       [,2]       [,3]
 [1,] -0.6311118 -0.1369659 -0.0661398
 [2,] -1.1520131 -0.3710637 -0.2331939
 [3,] -2.6036902 -0.0429075 -0.4155154
 [4,] -2.6882476 -0.8722738 -1.5511690
 [5,] -2.4304185 -3.5065579 -5.5214609
 [6,] -4.1351666       -Inf       -Inf
 [7,] -5.5214609 -2.2827825       -Inf
 [8,] -2.0557250 -0.2930297       -Inf
 [9,]       -Inf       -Inf       -Inf
[10,]  0.0000000  0.0000000  0.0000000
[1] ""
[1] "Test for global-kde :"
            [,1]       [,2]       [,3]
 [1,] -1.7060099 -1.6958878 -1.5064961
 [2,] -1.9443738 -2.2070798 -1.9560818
 [3,] -2.2636519 -2.2419443 -2.3522280
 [4,] -1.7152163 -1.8469040 -1.7184693
 [5,] -2.8701057 -2.8915052 -2.6284380
 [6,] -2.1274874 -3.0084415 -2.5173081
 [7,] -2.6497868 -2.9693194 -2.5255571
 [8,] -2.6328333 -3.0203824 -3.1977558
 [9,] -2.6419226 -3.4151661 -3.0559430
[10,] -0.2178582 -0.2094992 -0.2449606
[1] ""
[1] "--------------------------------"
