[1] "--------------------------------"
[1] "Test for euler :"
 [1] -14.7167298 -14.1302612 -15.6551088 -13.3620350 -10.7633973  -7.2286632
 [7]  -1.6436047  -0.5653548  -1.6003465   0.0000000
[1] ""
[1] "Test for indiv_silh :"
            [,1]       [,2]       [,3]
 [1,] -9.5458827 -6.8978449 -3.2314736
 [2,] -3.7400605 -9.3885650 -2.6166641
 [3,] -5.1951222 -8.2098876 -1.7774264
 [4,] -2.9167928 -8.8525426 -1.7825654
 [5,] -2.0945070 -6.8902403 -3.0305915
 [6,] -0.6554032 -7.3572991 -2.0799497
 [7,] -0.1901055 -4.5150504 -1.0518229
 [8,] -1.3151903 -6.2617676 -0.1583637
 [9,] -1.9585159 -0.3457176 -0.5024688
[10,]  0.0000000  0.0000000  0.0000000
[1] ""
[1] "Test for all-silh :"
 [1] -21.663423 -17.743606 -18.052240 -15.994168 -13.211418 -10.706249
 [7]  -6.043643  -5.009002  -1.086934   0.000000
[1] ""
[1] "Test for distr :"
            [,1]       [,2]       [,3]
 [1,] -11.245461 -11.478057 -11.043813
 [2,]  -2.708744  -5.083162  -7.009694
 [3,]  -7.681637  -9.544891  -8.199596
 [4,]  -4.752220  -4.175851  -5.367377
 [5,]  -4.769652  -4.339296  -3.184753
 [6,]  -4.559066  -2.638583  -2.790695
 [7,]  -2.823475  -4.265182  -2.311929
 [8,]  -3.049075  -3.154883  -2.523656
 [9,]  -3.871523  -5.118506  -2.021261
[10,]   0.000000   0.000000   0.000000
[1] ""
[1] "Test for contour :"
            [,1]       [,2]       [,3]
 [1,] -1.3943265       -Inf       -Inf
 [2,] -2.2827825 -0.4620355       -Inf
 [3,]       -Inf -2.1202635       -Inf
 [4,]       -Inf -1.4439235       -Inf
 [5,] -2.2827825 -1.0847094       -Inf
 [6,] -0.6500877 -2.3025851 -5.5214609
 [7,] -0.6236211 -0.9364934 -3.0791139
 [8,] -2.9565116 -0.5762534 -0.2850190
 [9,]       -Inf -0.6971552 -0.1601688
[10,]  0.0000000  0.0000000  0.0000000
[1] ""
[1] "Test for global-kde :"
           [,1]       [,2]       [,3]
 [1,] -2.674312 -3.3842640 -2.9581791
 [2,] -2.473101 -2.4446240 -2.8252648
 [3,] -2.811776 -3.3668661 -3.0094368
 [4,] -2.127028 -2.5855143 -1.9954366
 [5,] -2.057266 -2.6077675 -1.8324096
 [6,] -1.765617 -1.7011944 -1.4112443
 [7,] -1.439863 -1.5918256 -1.2905986
 [8,] -1.582019 -1.5190022 -1.4667836
 [9,] -1.633940 -1.5303343 -1.4402768
[10,] -0.227508 -0.2527396 -0.2223832
[1] ""
[1] "--------------------------------"
