[1] "--------------------------------"
[1] "Test for euler :"
 [1]  -0.6687499  -0.2670755  -4.3700009  -4.0012121  -2.8843971  -4.3149665
 [7]  -7.7879838 -12.1949065 -11.4834641   0.0000000
[1] ""
[1] "Test for indiv_silh :"
            [,1]       [,2]        [,3]
 [1,] -0.1569895 -0.6842743 -0.07102024
 [2,] -0.1411564 -0.3262728 -0.32579468
 [3,] -4.9039315 -1.9514896 -0.91719989
 [4,] -3.4874615 -1.4313118 -0.05039787
 [5,] -2.7662445 -0.1994415 -0.28484866
 [6,] -1.0120925 -3.6507799 -0.19890090
 [7,] -5.2991457 -4.1625632 -0.22317795
 [8,] -7.0157876 -4.3166946 -1.10648528
 [9,] -7.0629699 -2.7369609 -0.92767740
[10,]  0.0000000  0.0000000  0.00000000
[1] ""
[1] "Test for all-silh :"
 [1]  -0.79809840  -0.05067218  -4.93409126  -3.09468830  -8.71824504
 [6]  -9.63830040 -15.67426532 -19.58039275 -14.02457525   0.00000000
[1] ""
[1] "Test for distr :"
           [,1]       [,2]      [,3]
 [1,] -3.427087  -3.072875 -3.570646
 [2,] -5.216962  -2.872992 -4.991034
 [3,] -3.933884  -6.193052 -6.165284
 [4,] -2.730037  -5.497767 -5.337343
 [5,] -4.182805  -3.864004 -4.487698
 [6,] -3.641083 -10.963848 -8.955662
 [7,] -5.319482  -7.797812 -5.391218
 [8,] -5.682192 -15.136855 -9.171715
 [9,] -3.114111  -4.605498 -5.923651
[10,]  0.000000   0.000000  0.000000
[1] ""
[1] "Test for contour :"
            [,1]       [,2]        [,3]
 [1,] -1.1907276 -0.9888614 -0.07472355
 [2,] -1.8578993 -0.2206467 -1.03282455
 [3,] -0.6311118 -0.4975804 -0.50749783
 [4,] -0.6655320 -0.4588659 -3.72970145
 [5,] -4.0173835 -1.2447948        -Inf
 [6,] -2.6036902       -Inf        -Inf
 [7,] -2.2633644 -6.2146081        -Inf
 [8,] -1.4872203 -0.5378543        -Inf
 [9,] -1.4872203 -1.3783262        -Inf
[10,]  0.0000000  0.0000000  0.00000000
[1] ""
[1] "Test for global-kde :"
            [,1]       [,2]       [,3]
 [1,] -1.3690630 -1.5799059 -1.7339859
 [2,] -2.2880163 -2.2871713 -1.9007239
 [3,] -2.1319996 -2.5450987 -2.2402606
 [4,] -1.6562477 -2.1868181 -2.1348758
 [5,] -1.5163214 -1.6302954 -1.9679547
 [6,] -1.8346383 -2.5044061 -2.6145520
 [7,] -1.8258543 -2.2277853 -2.0830618
 [8,] -2.2087369 -3.3340033 -3.0904565
 [9,] -2.2686845 -2.4990312 -3.3088386
[10,] -0.2161552 -0.2084332 -0.2437398
[1] ""
[1] "--------------------------------"
